#Timestamps x y yaw 
1560244957.150686 -2.22533106804 -2.44477891922 1.4137344570995565 
1560244957.18224 -2.22533106804 -2.44477891922 1.413585747242436 
1560244957.213794 -2.22533106804 -2.44477891922 1.4135956024570737 
1560244957.24953 -2.22533106804 -2.44477891922 1.413769406519916 
1560244957.281598 -2.22533106804 -2.44477891922 1.41404652407137 
1560244957.313666 -2.22533106804 -2.44477891922 1.4141589911039645 
1560244957.349075 -2.22533106804 -2.44477891922 1.4141243649850777 
1560244957.38147 -2.22533106804 -2.44477891922 1.4139629590607456 
1560244957.413866 -2.22533106804 -2.44477891922 1.4138350523673775 
1560244957.448901 -2.22533106804 -2.44477891922 1.413814666028979 
1560244957.481513 -2.22533106804 -2.44477891922 1.41389200473761 
1560244957.494316 -2.22533106804 -2.44477891922 1.413895972981069 
1560244957.514125 -2.22533106804 -2.44477891922 1.4139021126739513 
1560244957.548868 -2.22533106804 -2.44477891922 1.4138736527499762 
1560244957.581629 -2.22533106804 -2.44477891922 1.4138128031029817 
1560244957.614391 -2.22533106804 -2.44477891922 1.413718601814269 
1560244957.648939 -2.22533106804 -2.44477891922 1.4137177793901414 
1560244957.681811 -2.22533106804 -2.44477891922 1.4137954314150591 
1560244957.714683 -2.22533106804 -2.44477891922 1.4138059333922366 
1560244957.749048 -2.22533106804 -2.44477891922 1.413757428531243 
1560244957.782001 -2.22533106804 -2.44477891922 1.413665920082264 
1560244957.802938 -2.22533106804 -2.44477891922 1.4136502958523418 
1560244957.814955 -2.22533106804 -2.44477891922 1.413641328146448 
1560244957.849204 -2.22533106804 -2.44477891922 1.4136417578975498 
1560244957.882222 -2.22533106804 -2.44477891922 1.4136528163188429 
1560244957.915239 -2.22533106804 -2.44477891922 1.4134875848951245 
1560244957.949343 -2.22533106804 -2.44477891922 1.4134376334264032 
1560244957.98241 -2.22533106804 -2.44477891922 1.4134812678644055 
1560244958.015476 -2.22533106804 -2.44477891922 1.4134918318375764 
1560244958.049497 -2.22533106804 -2.44477891922 1.4134623606638728 
1560244958.082603 -2.22533106804 -2.44477891922 1.4134051486518922 
1560244958.115709 -2.22533106804 -2.44477891922 1.4133809169082805 
1560244958.14965 -2.22533106804 -2.44477891922 1.4133356044489813 
1560244958.182787 -2.22533106804 -2.44477891922 1.4132760350756965 
1560244958.215925 -2.22533106804 -2.44477891922 1.4132164635655724 
1560244958.24981 -2.22533106804 -2.44477891922 1.4131968292728174 
1560244958.282975 -2.22533106804 -2.44477891922 1.4131998039708504 
1560244958.316139 -2.22533106804 -2.44477891922 1.4131048417741736 
1560244958.349303 -2.22533106804 -2.44477891922 1.4130701789938915 
1560244958.382467 -2.22533106804 -2.44477891922 1.4130812438164473 
1560244958.415632 -2.22533106804 -2.44477891922 1.413092234760344 
1560244958.448796 -2.22533106804 -2.44477891922 1.4130641504171857 
1560244958.48196 -2.22533106804 -2.44477891922 1.4130077657430102 
1560244958.515124 -2.22533106804 -2.44477891922 1.4130188354406001 
1560244958.548289 -2.22533106804 -2.44477891922 1.4130302032940543 
1560244958.581453 -2.22533106804 -2.44477891922 1.4130407498961977 
1560244958.614617 -2.22533106804 -2.44477891922 1.4130170292325475 
1560244958.647781 -2.22533106804 -2.44477891922 1.4130118274612118 
1560244958.680946 -2.22533106804 -2.44477891922 1.4130235289314448 
1560244958.71411 -2.22533106804 -2.44477891922 1.4130351520336701 
1560244958.747274 -2.22533106804 -2.44477891922 1.4130109408412919 
1560244958.780438 -2.22533106804 -2.44477891922 1.4129519551650982 
1560244958.813602 -2.22533106804 -2.44477891922 1.4128928904310996 
1560244958.846767 -2.22533106804 -2.44477891922 1.4128686569901423 
1560244958.879931 -2.22533106804 -2.44477891922 1.4128803591832364 
1560244958.913095 -2.22533106804 -2.44477891922 1.4128571854125107 
1560244958.946259 -2.22533106804 -2.44477891922 1.4128503202216849 
1560244958.979424 -2.22533106804 -2.44477891922 1.4128619437350773 
1560244959.012588 -2.22533106804 -2.44477891922 1.4127708696128287 
1560244959.045752 -2.22533106804 -2.44477891922 1.4127419840463538 
1560244959.078916 -2.22533106804 -2.44477891922 1.412789425606504 
1560244959.112081 -2.22533106804 -2.44477891922 1.4128367928900376 
1560244959.145245 -2.22533106804 -2.44477891922 1.4128841552590765 
1560244959.178409 -2.22533106804 -2.44477891922 1.412931517749485 
1560244959.211573 -2.22533106804 -2.44477891922 1.4129457780552352 
1560244959.248936 -2.22533106804 -2.44477891922 1.412939654771387 
1560244959.282179 -2.22533106804 -2.44477891922 1.4129144275179166 
1560244959.315422 -2.22533106804 -2.44477891922 1.4128556977698854 
1560244959.348664 -2.22533106804 -2.44477891922 1.4128746014594742 
1560244959.381907 -2.22533106804 -2.44477891922 1.412955947723439 
1560244959.41515 -2.22533106804 -2.44477891922 1.4130035021747214 
1560244959.448392 -2.2251343036577205 -2.443541417599849 1.413089269833697 
1560244959.481635 -2.22478294373 -2.44133162498 1.413203790660347 
1560244959.514878 -2.22478294373 -2.44133162498 1.413215837787296 
1560244959.54812 -2.22478294373 -2.44133162498 1.4132413711172296 
1560244959.581363 -2.224772870814426 -2.4412681866705896 1.4132787784256877 
1560244959.614606 -2.224408922462155 -2.4389760729314274 1.4133161084903119 
1560244959.647849 -2.22423553467 -2.43788409233 1.4133905806535327 
1560244959.681091 -2.2242213638785735 -2.437794729206177 1.4134974604076962 
1560244959.714334 -2.223494414791241 -2.4332104798618825 1.4135347906569729 
1560244959.747577 -2.22314214706 -2.43098902702 1.413480901599272 
1560244959.780819 -2.2231380288993523 -2.4309631025082146 1.4133420545296749 
1560244959.814062 -2.2227739176911077 -2.4286709614002597 1.4132731793369144 
1560244959.847305 -2.222409729566361 -2.4263789226772157 1.4131863745522322 
1560244959.880547 -2.22204433259326 -2.4240798661978875 1.4130821545236227 
1560244959.91379 -2.2213148472732245 -2.419495933885175 1.41297793100964 
1560244959.947033 -2.220585124634729 -2.414912001572462 1.4128913483115986 
1560244959.980275 -2.2198551847151053 -2.4103282007637135 1.412822475588687 
1560244960.013518 -2.2191247454661585 -2.405744551005869 1.4127183512090682 
1560244960.046761 -2.218214099342217 -2.4000359478054745 1.4125560016161938 
1560244960.080004 -2.2171165425505066 -2.3931605248804524 1.4123334467693 
1560244960.113246 -2.2167408849057653 -2.390808273253935 1.4124477424568678 
1560244960.146489 -2.2161992024424464 -2.3874101777270216 1.4127374778591766 
1560244960.179732 -2.2154692363464035 -2.3828263710552453 1.4132104102931968 
1560244960.212974 -2.2147423988223176 -2.378242263394505 1.413683403328506 
1560244960.249816 -2.213938402901803 -2.3731613471343302 1.4140631418293383 
1560244960.283099 -2.213213288582509 -2.3685709520858587 1.4142602111233784 
1560244960.316383 -2.212488299532321 -2.36398057155267 1.4141310208702726 
1560244960.349666 -2.2115524113256573 -2.3580649459196383 1.4138380318326995 
1560244960.38295 -2.210516889003368 -2.3515255411128773 1.4134359089937658 
1560244960.416233 -2.21015234169314 -2.3492306546698125 1.4131649187746 
1560244960.449517 -2.209368495994102 -2.3443057393325155 1.4129142485238406 
1560244960.4828 -2.2083240145760135 -2.337746726864999 1.4126887599473588 
1560244960.516083 -2.207957880204584 -2.335452157828849 1.4125948854427242 
1560244960.549367 -2.207175563497139 -2.3305482374795776 1.4125816347750715 
1560244960.58265 -2.2061260040724506 -2.3239688431050896 1.412620160773305 
1560244960.615934 -2.2057597022453215 -2.321674219269791 1.412526284026477 
1560244960.649217 -2.2049800937245005 -2.3167911693997607 1.4124724253840182 
1560244960.682501 -2.2039263153373105 -2.310191130566207 1.412449491565628 
1560244960.715784 -2.2035598635523095 -2.3078965615367135 1.4124265585748719 
1560244960.749068 -2.20298824761273 -2.3043179846037556 1.4123837756421151 
1560244960.782351 -2.202255130746182 -2.2997290143370437 1.4123192714367652 
1560244960.815634 -2.2015211162419925 -2.295140193684972 1.4121544554249097 
1560244960.848918 -2.200786642164263 -2.29055125368942 1.412029013855687 
1560244960.882201 -2.200071242089304 -2.2860836427152615 1.4119407599990235 
1560244960.915485 -2.1997038275428333 -2.2837893253543435 1.4119532981211285 
1560244960.948768 -2.199336336143467 -2.2814949863514573 1.4119853215752893 
1560244960.982052 -2.198951020896458 -2.2790895691572906 1.4120332908186006 
1560244961.015336 -2.198216509226184 -2.2745006170194446 1.4120820149050206 
1560244961.048619 -2.1976826605317155 -2.271164790051869 1.4121500650926566 
1560244961.081902 -2.197315580960322 -2.2688703802021375 1.4122310726002223 
1560244961.115186 -2.196948644290887 -2.2665759150707587 1.4122443248534782 
1560244961.148469 -2.196383163098085 -2.2630387846221627 1.412276787513453 
1560244961.181753 -2.19567847252 -2.25863027573 1.4123283004214957 
1560244961.215036 -2.19567847252 -2.25863027573 1.4124478852723243 
1560244961.254141 -2.195417665257087 -2.2569966142889593 1.4124622229787671 
1560244961.287498 -2.195050491488901 -2.2546970752445286 1.4123969492212416 
1560244961.320855 -2.1946830668848896 -2.2523974107821854 1.4123035820143444 
1560244961.354212 -2.19457745552 -2.25173640251 1.4122102711322688 
1560244961.387568 -2.19457745552 -2.25173640251 1.412116986477125 
1560244961.420925 -2.19457745552 -2.25173640251 1.4120236987998367 
1560244961.454282 -2.1943143018222107 -2.2500931412313494 1.4120065715702133 
1560244961.487638 -2.1939460924561947 -2.247793826317129 1.4120198697094217 
1560244961.520995 -2.1935778725627673 -2.2454943209140033 1.4120332306036283 
1560244961.554352 -2.1934735775 -2.24484300613 1.4120211679126702 
1560244961.587708 -2.1934735775 -2.24484300613 1.4119912995440218 
1560244961.621065 -2.1934735775 -2.24484300613 1.4119335616636575 
1560244961.654422 -2.1934735775 -2.24484300613 1.4120035988484612 
1560244961.687778 -2.1934735775 -2.24484300613 1.4121079707061277 
1560244961.721135 -2.1934735775 -2.24484300613 1.4121568811286127 
1560244961.754492 -2.1934735775 -2.24484300613 1.4121289597214908 
1560244961.787849 -2.1934735775 -2.24484300613 1.412079193904294 
1560244961.821205 -2.1934735775 -2.24484300613 1.4120570854386005 
1560244961.854562 -2.193739822355274 -2.246505570118221 1.4119835674226473 
1560244961.887919 -2.19402551651 -2.24828958511 1.4119222108207814 
1560244961.921276 -2.19402551651 -2.24828958511 1.4119711215861823 
1560244961.954632 -2.19402551651 -2.24828958511 1.4120200306084845 
1560244961.987989 -2.19402551651 -2.24828958511 1.4120676456802221 
1560244962.021346 -2.19402551651 -2.24828958511 1.412110830306226 
1560244962.054702 -2.19402551651 -2.24828958511 1.4120995876115892 
1560244962.088059 -2.19402551651 -2.24828958511 1.412108481846712 
1560244962.121416 -2.19402551651 -2.24828958511 1.4122544181586076 
1560244962.154773 -2.19402551651 -2.24828958511 1.412296695320826 
1560244962.188129 -2.19402551651 -2.24828958511 1.412300512611353 
1560244962.221486 -2.19402551651 -2.24828958511 1.4123043300331704 
1560244962.254816 -2.19402551651 -2.24828958511 1.4122822273102862 
1560244962.288172 -2.19402551651 -2.24828958511 1.4122670313912231 
1560244962.321529 -2.19402551651 -2.24828958511 1.4123063983140347 
1560244962.354885 -2.19402551651 -2.24828958511 1.4122936668421673 
1560244962.388242 -2.19402551651 -2.24828958511 1.412278557932597 
1560244962.421598 -2.19402551651 -2.24828958511 1.4123179237232364 
1560244962.454955 -2.19402551651 -2.24828958511 1.4123049274839226 
1560244962.488311 -2.19402551651 -2.24828958511 1.4122730372144967 
1560244962.521668 -2.19402551651 -2.24828958511 1.4122411460282038 
1560244962.555024 -2.19402551651 -2.24828958511 1.4122616491811464 
1560244962.588381 -2.19402551651 -2.24828958511 1.4122923973838546 
1560244962.621737 -2.19402551651 -2.24828958511 1.4122960556038051 
1560244962.655093 -2.19402551651 -2.24828958511 1.4122997138366464 
1560244962.68845 -2.19402551651 -2.24828958511 1.4123204198525015 
1560244962.721806 -2.19402551651 -2.24828958511 1.4123950955730535 
1560244962.755163 -2.19402551651 -2.24828958511 1.4123907978282342 
1560244962.788519 -2.19402551651 -2.24828958511 1.4123847087091992 
1560244962.821876 -2.19402551651 -2.24828958511 1.4124593870985522 
1560244962.855232 -2.19402551651 -2.24828958511 1.4125077032502662 
1560244962.888589 -2.19402551651 -2.24828958511 1.4125469109725584 
1560244962.921945 -2.19402551651 -2.24828958511 1.4125861179954373 
1560244962.955302 -2.19402551651 -2.24828958511 1.4125719842852587 
1560244962.988658 -2.19402551651 -2.24828958511 1.412548371789223 
1560244963.022015 -2.19402551651 -2.24828958511 1.4125515529762949 
1560244963.055371 -2.19402551651 -2.24828958511 1.4127140746266587 
1560244963.088727 -2.19402551651 -2.24828958511 1.4128687064002348 
1560244963.122084 -2.19402551651 -2.24828958511 1.412836417726534 
1560244963.155441 -2.19402551651 -2.24828958511 1.412777487586436 
1560244963.188797 -2.19402551651 -2.24828958511 1.412718534324638 
1560244963.222154 -2.19402551651 -2.24828958511 1.4126861659673646 
1560244963.255534 -2.19402551651 -2.24828958511 1.4126805153793112 
1560244963.28889 -2.19402551651 -2.24828958511 1.4127197051171887 
1560244963.322247 -2.19402551651 -2.24828958511 1.4128650854137237 
1560244963.355603 -2.19402551651 -2.24828958511 1.4129300186855296 
1560244963.38896 -2.1939320294102718 -2.247702427645609 1.4129324630863038 
1560244963.422317 -2.1935658746562545 -2.245402746753078 1.4128290744697873 
1560244963.455673 -2.19347667694 -2.2448425293 1.4127057789406148 
1560244963.48903 -2.19347667694 -2.2448425293 1.4125943695561236 
1560244963.522387 -2.19347667694 -2.2448425293 1.4125357561624825 
1560244963.555743 -2.19347667694 -2.2448425293 1.412557973691181 
1560244963.5891 -2.19347667694 -2.2448425293 1.4125874777484682 
1560244963.622457 -2.19347667694 -2.2448425293 1.4125643347173733 
1560244963.655813 -2.19347667694 -2.2448425293 1.4124871779190333 
1560244963.68917 -2.19347667694 -2.2448425293 1.4123651348260764 
1560244963.722526 -2.19347667694 -2.2448425293 1.4121644075987374 
1560244963.755883 -2.192914902453209 -2.2413351689588934 1.4119636760621224 
1560244963.78924 -2.1923725605 -2.23794913292 1.411809778431522 
1560244963.822597 -2.1923725605 -2.23794913292 1.4117866352900732 
1560244963.855953 -2.1918088759154433 -2.2344321254791235 1.4118722401464427 
1560244963.88931 -2.19126772881 -2.23105573654 1.4119818452230757 
1560244963.922666 -2.19126772881 -2.23105573654 1.4120653490279655 
1560244963.956023 -2.1907031078064625 -2.227528959358496 1.4120678024117268 
1560244963.98938 -2.1899666140023846 -2.222929991171797 1.4119789861414767 
1560244964.022736 -2.1892295537900908 -2.218331238035682 1.411708115716962 
1560244964.056093 -2.1887743999328975 -2.215500851603556 1.411054718201992 
1560244964.089449 -2.188403277188832 -2.2132019779536267 1.4102960081511795 
1560244964.122806 -2.188030284658178 -2.210903262371019 1.409563224956268 
1560244964.156163 -2.1873663864392587 -2.2068327448276506 1.408994784681548 
1560244964.189519 -2.1866155241500813 -2.2022363378688143 1.4085815099186372 
1560244964.222876 -2.185863014097138 -2.197639998203799 1.408452751329054 
1560244964.256224 -2.1848199770173395 -2.1912686793300895 1.4085162345422255 
1560244964.28958 -2.1838974940716485 -2.185633311942573 1.4086069704182425 
1560244964.322937 -2.1835214803165965 -2.1833350790065147 1.4086203313124483 
1560244964.356293 -2.1828537170591726 -2.1792560278619773 1.40852355699101 
1560244964.38965 -2.1821009900969868 -2.1746597479673104 1.4084046110515491 
1560244964.423007 -2.1813476901331574 -2.170063600213629 1.4083114029038695 
1560244964.456363 -2.180593793722998 -2.165467707460504 1.4081681410837148 
1560244964.48972 -2.1797341884798955 -2.160232642147926 1.407970987695387 
1560244964.523077 -2.1786007392547178 -2.1533388976883847 1.4076712423814308 
1560244964.556433 -2.178055123083286 -2.150026311719638 1.4072884724475607 
1560244964.58979 -2.1775692043530057 -2.147084807197644 1.4069120181431916 
1560244964.623146 -2.1768087721386107 -2.142489926134021 1.4066122828348793 
1560244964.656503 -2.1760469484513325 -2.137895145104063 1.406423567047428 
1560244964.689859 -2.1752845834216 -2.133300605133524 1.406286014387653 
1560244964.723216 -2.1745217345056704 -2.128706015125734 1.4061994860686193 
1560244964.756572 -2.174057063750387 -2.1259112096640647 1.405945944015419 
1560244964.789929 -2.1736746205680815 -2.1236140901358564 1.4056765271838862 
1560244964.823286 -2.1732916055165807 -2.1213169541889805 1.4054834290679363 
1560244964.856642 -2.1726072826808007 -2.1172159691416517 1.4054298190940921 
1560244964.889999 -2.1719505289666516 -2.1132800329459087 1.4054855757608478 
1560244964.923356 -2.1715675139151513 -2.1109828969990323 1.4057188363827564 
1560244964.956712 -2.1711850135904007 -2.1086858431454996 1.4058429869630826 
1560244964.990069 -2.17091298103 -2.10705161095 1.4058966715907897 
1560244965.023425 -2.17091298103 -2.10705161095 1.4058491937193278 
1560244965.056782 -2.1703086202161583 -2.103424064519031 1.405689558921556 
1560244965.090138 -2.16976571083 -2.10016536713 1.4055000235575872 
1560244965.123495 -2.16976571083 -2.10016536713 1.4053104256468198 
1560244965.156852 -2.16976571083 -2.10016536713 1.405149036166609 
1560244965.190208 -2.16976571083 -2.10016536713 1.4050366527134805 
1560244965.223565 -2.16976571083 -2.10016536713 1.4050247232602948 
1560244965.256917 -2.16976571083 -2.10016536713 1.4051820176990313 
1560244965.290274 -2.16976571083 -2.10016536713 1.405393783097787 
1560244965.323631 -2.16976571083 -2.10016536713 1.4056306225509811 
1560244965.356987 -2.16976571083 -2.10016536713 1.4056694946302413 
1560244965.390344 -2.16976571083 -2.10016536713 1.40561540607768 
1560244965.423701 -2.16976571083 -2.10016536713 1.405461436575385 
1560244965.457057 -2.16976571083 -2.10016536713 1.4053365973407692 
1560244965.490414 -2.16976571083 -2.10016536713 1.4052828906744068 
1560244965.52377 -2.16976571083 -2.10016536713 1.405378721230939 
1560244965.557127 -2.16976571083 -2.10016536713 1.4055029282641265 
1560244965.590484 -2.16976571083 -2.10016536713 1.4056556326040988 
1560244965.62384 -2.16976571083 -2.10016536713 1.405858028945636 
1560244965.657197 -2.16976571083 -2.10016536713 1.405860970531241 
1560244965.690553 -2.16976571083 -2.10016536713 1.4058038873461323 
1560244965.72391 -2.16976571083 -2.10016536713 1.405721971750688 
1560244965.757267 -2.16976571083 -2.10016536713 1.4056687078928718 
1560244965.790623 -2.16976571083 -2.10016536713 1.4056440972893205 
1560244965.82398 -2.16976571083 -2.10016536713 1.4056688310276404 
1560244965.857337 -2.16976571083 -2.10016536713 1.4056362409710672 
1560244965.890693 -2.16976571083 -2.10016536713 1.4056008005601517 
1560244965.92405 -2.16976571083 -2.10016536713 1.4055899845227746 
1560244965.957406 -2.16976571083 -2.10016536713 1.4055787831605209 
1560244965.990763 -2.16976571083 -2.10016536713 1.4055784637171542 
1560244966.024119 -2.16976571083 -2.10016536713 1.405602639880214 
1560244966.057476 -2.16976571083 -2.10016536713 1.4056268169072945 
1560244966.090832 -2.16976571083 -2.10016536713 1.405639945873504 
1560244966.124189 -2.16976571083 -2.10016536713 1.4056286527963024 
1560244966.157546 -2.16976571083 -2.10016536713 1.4056172949703012 
1560244966.190902 -2.16976571083 -2.10016536713 1.4055948011305053 
1560244966.224259 -2.16976571083 -2.10016536713 1.4055479584711752 
1560244966.257613 -2.16976571083 -2.10016536713 1.4055879226848544 
1560244966.290969 -2.16976571083 -2.10016536713 1.4056140189494435 
1560244966.324326 -2.16976571083 -2.10016536713 1.4055671759553054 
1560244966.357683 -2.16976571083 -2.10016536713 1.4055783294171438 
1560244966.391039 -2.16976571083 -2.10016536713 1.4056250900670468 
1560244966.424396 -2.16976571083 -2.10016536713 1.4057203666521947 
1560244966.457752 -2.16976571083 -2.10016536713 1.4057862102695873 
1560244966.491109 -2.16976571083 -2.10016536713 1.4058114380513664 
1560244966.524466 -2.16976571083 -2.10016536713 1.4057641178828364 
1560244966.557822 -2.16976571083 -2.10016536713 1.405716864677084 
1560244966.591179 -2.16976571083 -2.10016536713 1.4057038981477796 
1560244966.624535 -2.16976571083 -2.10016536713 1.4057631457997157 
1560244966.657892 -2.16976571083 -2.10016536713 1.4058224603982925 
1560244966.691248 -2.16976571083 -2.10016536713 1.4058357527198941 
1560244966.724605 -2.16976571083 -2.10016536713 1.4057529622991718 
1560244966.757962 -2.16976571083 -2.10016536713 1.4056994347255602 
1560244966.791318 -2.16976571083 -2.10016536713 1.4056405523481716 
1560244966.824675 -2.16976571083 -2.10016536713 1.40555776192745 
1560244966.858032 -2.16976571083 -2.10016536713 1.4055337115099618 
1560244966.891388 -2.16976571083 -2.10016536713 1.4055336058432013 
1560244966.924745 -2.16976571083 -2.10016536713 1.4055573852193963 
1560244966.958101 -2.16976571083 -2.10016536713 1.4055226733396982 
1560244966.991458 -2.16976571083 -2.10016536713 1.4054993881549018 
1560244967.024814 -2.16976571083 -2.10016536713 1.4055237233726312 
1560244967.058171 -2.16976571083 -2.10016536713 1.4055480594656116 
1560244967.091528 -2.16976571083 -2.10016536713 1.4055369809155673 
1560244967.124884 -2.16976571083 -2.10016536713 1.4054547505303272 
1560244967.158241 -2.16976571083 -2.10016536713 1.4054317009129151 
1560244967.191597 -2.16976571083 -2.10016536713 1.4054323747325137 
1560244967.224954 -2.16976571083 -2.10016536713 1.4054567106460076 
1560244967.258328 -2.16976571083 -2.10016536713 1.405451341188421 
1560244967.291685 -2.16976571083 -2.10016536713 1.4054401543037203 
1560244967.325042 -2.16976571083 -2.10016536713 1.4054290202252153 
1560244967.358398 -2.16976571083 -2.10016536713 1.4053582349486922 
1560244967.391755 -2.16976571083 -2.10016536713 1.4053000331064138 
1560244967.425112 -2.16976571083 -2.10016536713 1.4052888194983 
1560244967.458468 -2.16976571083 -2.10016536713 1.4051588730038316 
1560244967.491825 -2.16976571083 -2.10016536713 1.4050184381679676 
1560244967.525181 -2.16976571083 -2.10016536713 1.4049013746313903 
1560244967.558538 -2.16976571083 -2.10016536713 1.4048441242604872 
1560244967.591895 -2.16976571083 -2.10016536713 1.4048224864686307 
1560244967.625252 -2.16976571083 -2.10016536713 1.4048475380224756 
1560244967.658608 -2.16976571083 -2.10016536713 1.4049326213659459 
1560244967.691965 -2.16976571083 -2.10016536713 1.4050410247323877 
1560244967.725321 -2.16976571083 -2.10016536713 1.4051726416845365 
1560244967.758678 -2.16976571083 -2.10016536713 1.405184033432131 
1560244967.792035 -2.16976571083 -2.10016536713 1.4051488791507174 
1560244967.825391 -2.16976571083 -2.10016536713 1.4050672845920513 
1560244967.858748 -2.1694394919657682 -2.0982164220017845 1.4049555900572128 
1560244967.892104 -2.1690548378975105 -2.095919693376344 1.4047888454682886 
1560244967.925461 -2.168669755074747 -2.0936228755501767 1.404529658162074 
1560244967.958818 -2.16861224174 -2.09327983856 1.4041512714350037 
1560244967.992175 -2.168340078694214 -2.0916644823431545 1.403876901648087 
1560244968.025531 -2.167566282341574 -2.087071806121447 1.4038328437646987 
1560244968.058888 -2.167122331788392 -2.0844373181564606 1.403879661073326 
1560244968.092244 -2.166735467276645 -2.082141007174051 1.403954745732128 
1560244968.125601 -2.1663487957074774 -2.079844518419114 1.4040528053858763 
1560244968.158958 -2.165631583256066 -2.0755850437793497 1.403968665494511 
1560244968.192314 -2.164857754617528 -2.0709924241603357 1.4037903343397842 
1560244968.225671 -2.164082976248413 -2.066399742856783 1.4034975059687806 
1560244968.259017 -2.1633065506294065 -2.061809013136511 1.4031439396621779 
1560244968.292373 -2.162528606122259 -2.0572170869051236 1.4027547043742377 
1560244968.32573 -2.1617488969088465 -2.0526252009033423 1.402319835960796 
1560244968.359087 -2.1609667379370996 -2.048033912861919 1.4019459576888664 
1560244968.392443 -2.1603246133493124 -2.04426869423118 1.4016204606613312 
1560244968.4258 -2.1599323728506343 -2.041973148881175 1.401363182072697 
1560244968.459157 -2.1588629344080044 -2.0357260043229934 1.4012322129785368 
1560244968.492513 -2.1578257837619295 -2.0296707686549547 1.4010702461255158 
1560244968.52587 -2.1570385987585654 -2.0250803141896903 1.4008175802604697 
1560244968.559226 -2.1559091439677207 -2.0185099387173064 1.400472898260126 
1560244968.592583 -2.1548681428593803 -2.0124601767966235 1.4001524001443566 
1560244968.62594 -2.1540768260867864 -2.0078703804519806 1.3998997354841105 
1560244968.659296 -2.1532844336757595 -2.0032808667859365 1.399800757533337 
1560244968.692653 -2.1523465258078565 -1.9978513099869166 1.3997127490861976 
1560244968.72601 -2.1511569205098544 -1.9909669802920245 1.3996022028004385 
1560244968.759366 -2.1503100787514784 -1.9860728852576939 1.3993991878473473 
1560244968.792723 -2.1493687671984123 -1.980639021304041 1.399182023058191 
1560244968.826079 -2.1481752280669095 -1.9737556533755705 1.398964914727977 
1560244968.859436 -2.147326445453369 -1.9688665933508862 1.398840426691129 
1560244968.892792 -2.146529235395454 -1.9642779661379743 1.3987167240759877 
1560244968.926149 -2.145731399117604 -1.9596892941208115 1.398570629058745 
1560244968.959506 -2.144932448470418 -1.9551007971822163 1.3983440854175764 
1560244968.992862 -2.1441331256970435 -1.9505125245466197 1.398198311065528 
1560244969.026219 -2.143333380715256 -1.9459241706478918 1.3982087293842267 
1560244969.059576 -2.142184113615124 -1.939332176992081 1.3981880302547822 
1560244969.092932 -2.141133631324079 -1.9333089475869363 1.3980829903588228 
1560244969.126289 -2.1403327767598883 -1.9287208541547896 1.3978445631498349 
1560244969.159645 -2.13953012582138 -1.9241331880615533 1.3974817933401735 
1560244969.193002 -2.1388779919573295 -1.9204091424745582 1.397194957308631 
1560244969.226359 -2.1384755745322996 -1.918115363169902 1.3970631775342268 
1560244969.259714 -2.1377196376604273 -1.9138091190703526 1.3969937253509233 
1560244969.293071 -2.136914139242728 -1.9092217662619826 1.3969329947637352 
1560244969.326427 -2.1361083730882298 -1.904634577393031 1.3968723157674094 
1560244969.359784 -2.135656974672089 -1.9020648224237746 1.3969365732886743 
1560244969.39314 -2.1351009136247425 -1.8988981836235934 1.3970044282991256 
1560244969.426497 -2.134295601610374 -1.8943108636031072 1.3970503166098225 
1560244969.459853 -2.1338449729893645 -1.8917459680966358 1.3967852973084562 
1560244969.49321 -2.13359618187 -1.89033019543 1.396478520808006 
1560244969.526567 -2.13359618187 -1.89033019543 1.3961716974055738 
1560244969.559923 -2.13323786477086 -1.8883035038765785 1.3958021175375128 
1560244969.59328 -2.1328321170267333 -1.8860103303050173 1.395506327523341 
1560244969.626637 -2.1324258841442423 -1.883717277700977 1.395341702999003 
1560244969.659993 -2.13237953186 -1.88345563412 1.3952714886614708 
1560244969.69335 -2.13237953186 -1.88345563412 1.3953646802059383 
1560244969.726706 -2.13237953186 -1.88345563412 1.395697500121378 
1560244969.760063 -2.13237953186 -1.88345563412 1.3958094317901892 
1560244969.793419 -2.13237953186 -1.88345563412 1.395810549423226 
1560244969.826776 -2.13237953186 -1.88345563412 1.3956813931827572 
1560244969.860132 -2.13237953186 -1.88345563412 1.3956471634481316 
1560244969.893489 -2.13237953186 -1.88345563412 1.3956802389214513 
1560244969.926846 -2.13237953186 -1.88345563412 1.3957998515940337 
1560244969.960202 -2.13237953186 -1.88345563412 1.3957938769248732 
1560244969.993559 -2.13237953186 -1.88345563412 1.3957727221757137 
1560244970.026916 -2.13237953186 -1.88345563412 1.3957515672753498 
1560244970.060272 -2.13237953186 -1.88345563412 1.3957622028782501 
1560244970.093629 -2.13237953186 -1.88345563412 1.3957484923198753 
1560244970.126985 -2.13237953186 -1.88345563412 1.3956917895353707 
1560244970.160342 -2.13237953186 -1.88345563412 1.3957306778797554 
1560244970.193698 -2.13237953186 -1.88345563412 1.3958088414481442 
1560244970.227055 -2.13237953186 -1.88345563412 1.395929806127067 
1560244970.260412 -2.13237953186 -1.88345563412 1.3958911468962134 
1560244970.293769 -2.13237953186 -1.88345563412 1.3958202471041856 
1560244970.327125 -2.13237953186 -1.88345563412 1.3957280111811872 
1560244970.360482 -2.13237953186 -1.88345563412 1.3956667594832783 
1560244970.393838 -2.13237953186 -1.88345563412 1.3956243361814717 
1560244970.427195 -2.13237953186 -1.88345563412 1.3956031017509318 
1560244970.460552 -2.13237953186 -1.88345563412 1.3955822981868207 
1560244970.493908 -2.13237953186 -1.88345563412 1.3955758595805585 
1560244970.527265 -2.13237953186 -1.88345563412 1.3955905725766018 
1560244970.560622 -2.13237953186 -1.88345563412 1.3955731227096235 
1560244970.593978 -2.13237953186 -1.88345563412 1.3955523189810473 
1560244970.627335 -2.13237953186 -1.88345563412 1.3955315618305477 
1560244970.660691 -2.13237953186 -1.88345563412 1.3955752055827748 
1560244970.694048 -2.13237953186 -1.88345563412 1.3955964696841987 
1560244970.727405 -2.13237953186 -1.88345563412 1.3955756329045441 
1560244970.760761 -2.13237953186 -1.88345563412 1.3955548691477715 
1560244970.794118 -2.13237953186 -1.88345563412 1.3955195055807283 
1560244970.827474 -2.13237953186 -1.88345563412 1.3954631206374566 
1560244970.860831 -2.13237953186 -1.88345563412 1.3954391926096614 
1560244970.894188 -2.13237953186 -1.88345563412 1.3954184027923584 
1560244970.927544 -2.13237953186 -1.88345563412 1.3953975666084235 
1560244970.960901 -2.13237953186 -1.88345563412 1.395377093061455 
1560244970.994257 -2.13237953186 -1.88345563412 1.3953419326637155 
1560244971.027614 -2.13237953186 -1.88345563412 1.395285943752577 
1560244971.060971 -2.13237953186 -1.88345563412 1.3952949519427185 
1560244971.094327 -2.13237953186 -1.88345563412 1.3953100155919578 
1560244971.127684 -2.13237953186 -1.88345563412 1.3953251261601625 
1560244971.161041 -2.13237953186 -1.88345563412 1.3952750183094476 
1560244971.194397 -2.13237953186 -1.88345563412 1.3952487404205154 
1560244971.227754 -2.13237953186 -1.88345563412 1.395263771537267 
1560244971.261106 -2.13237953186 -1.88345563412 1.3952788733911605 
1560244971.294462 -2.13237953186 -1.88345563412 1.3952939500700476 
1560244971.327819 -2.13237953186 -1.88345563412 1.3953089811867994 
1560244971.361175 -2.13237953186 -1.88345563412 1.3952585864647842 
1560244971.394532 -2.13237953186 -1.88345563412 1.3952165467138422 
1560244971.427888 -2.13237953186 -1.88345563412 1.3951960969800934 
1560244971.461245 -2.13237953186 -1.88345563412 1.3952087039813392 
1560244971.494601 -2.13237953186 -1.88345563412 1.395224018908028 
1560244971.527958 -2.13237953186 -1.88345563412 1.3952392884995006 
1560244971.561315 -2.13237953186 -1.88345563412 1.395221730413094 
1560244971.594671 -2.13237953186 -1.88345563412 1.3952015306311827 
1560244971.628028 -2.13237953186 -1.88345563412 1.3951813303269782 
1560244971.661385 -2.13237953186 -1.88345563412 1.3951940318641596 
1560244971.694741 -2.13237953186 -1.88345563412 1.3952245729081931 
1560244971.728098 -2.13237953186 -1.88345563412 1.395275471550882 
1560244971.761454 -2.13237953186 -1.88345563412 1.3952272205211234 
1560244971.794811 -2.13237953186 -1.88345563412 1.395202061339885 
1560244971.828167 -2.13237953186 -1.88345563412 1.3952173304947997 
1560244971.861524 -2.13237953186 -1.88345563412 1.3952326742372974 
1560244971.894881 -2.13237953186 -1.88345563412 1.395217249426477 
1560244971.928237 -2.13237953186 -1.88345563412 1.3951615010982337 
1560244971.961594 -2.13237953186 -1.88345563412 1.3951390979902667 
1560244971.994951 -2.13237953186 -1.88345563412 1.3951035949955486 
1560244972.028307 -2.13237953186 -1.88345563412 1.395048005721975 
1560244972.061664 -2.13237953186 -1.88345563412 1.3949258676943113 
1560244972.09502 -2.13237953186 -1.88345563412 1.3948147169322371 
1560244972.128377 -2.13237953186 -1.88345563412 1.3947235769823019 
1560244972.161733 -2.13237953186 -1.88345563412 1.3949657969298046 
1560244972.19509 -2.13237953186 -1.88345563412 1.3952154597546933 
1560244972.228446 -2.13237953186 -1.88345563412 1.395444058572361 
1560244972.261813 -2.13237953186 -1.88345563412 1.3953052277763554 
1560244972.295169 -2.13237953186 -1.88345563412 1.3951576571306705 
1560244972.328526 -2.13237953186 -1.88345563412 1.3950309678219694 
1560244972.361883 -2.13237953186 -1.88345563412 1.3950989223278476 
1560244972.395239 -2.13237953186 -1.88345563412 1.3952001648476653 
1560244972.428596 -2.13237953186 -1.88345563412 1.3953221625402408 
1560244972.461953 -2.13237953186 -1.88345563412 1.3952491403935254 
1560244972.495309 -2.13237953186 -1.88345563412 1.3951283671555699 
1560244972.528666 -2.13237953186 -1.88345563412 1.3949660481915502 
1560244972.562022 -2.13237953186 -1.88345563412 1.3947712185241856 
1560244972.595379 -2.13237953186 -1.88345563412 1.3946624747755443 
1560244972.628736 -2.13237953186 -1.88345563412 1.3946778238966255 
1560244972.662092 -2.13237953186 -1.88345563412 1.39475842663938 
1560244972.695449 -2.13237953186 -1.88345563412 1.3947105549642818 
1560244972.728805 -2.13237953186 -1.88345563412 1.3944772231511342 
1560244972.762162 -2.13237953186 -1.88345563412 1.3935566499137162 
1560244972.795519 -2.13237953186 -1.88345563412 1.3922559089029778 
1560244972.828875 -2.13237953186 -1.88345563412 1.3905658127021372 
1560244972.862232 -2.13198944959299 -1.8813418932495471 1.3877605416860428 
1560244972.895589 -2.1317460537 -1.88002300262 1.3842444643906568 
1560244972.928945 -2.1317460537 -1.88002300262 1.3798895734794987 
1560244972.962302 -2.130906872713704 -1.875796785357838 1.3736755727994048 
1560244972.995658 -2.1301826663348153 -1.8722041281557738 1.366629859917066 
1560244973.029015 -2.129704692818876 -1.869924965922189 1.3586663121495777 
1560244973.062371 -2.12966990471 -1.86975908279 1.3493524226999258 
1560244973.095728 -2.1292058335781845 -1.8678192545626318 1.3393996610703847 
1560244973.129085 -2.128122161842353 -1.8632894812622718 1.32873576175961 
1560244973.162441 -2.127506938988844 -1.8608733323137143 1.3171476914794575 
1560244973.195798 -2.126375830829713 -1.856690648456838 1.305137263978421 
1560244973.229155 -2.1245146767120864 -1.8499567889564608 1.2926612008522698 
1560244973.262525 -2.123768984303581 -1.8474148612145282 1.2795512391555899 
1560244973.295881 -2.122473792269237 -1.8432679787661501 1.2662621301995467 
1560244973.329238 -2.1203505335560946 -1.8366122172187005 1.2527913110053277 
1560244973.362595 -2.1188050883177194 -1.8320557578891739 1.2393867349291103 
1560244973.395951 -2.116915960342682 -1.8267097776383405 1.226018222356323 
1560244973.429308 -2.11452706419308 -1.8201446475605887 1.2126894574916647 
1560244973.462665 -2.112016219278193 -1.8136252507817676 1.1994028789240778 
1560244973.496021 -2.1094394299034835 -1.8071321570101955 1.1858867601195255 
1560244973.529378 -2.10678824666547 -1.8006684265831203 1.1720702430667207 
1560244973.562735 -2.1040099274905697 -1.7942584698942736 1.1577869530921414 
1560244973.596091 -2.100733406976101 -1.7869512890680674 1.1431769186864285 
1560244973.629448 -2.0968310713925193 -1.7784931269955775 1.128187824074461 
1560244973.662804 -2.0937101959544795 -1.7720877234874177 1.1126646258476247 
1560244973.696161 -2.0901005576947433 -1.7649334755466761 1.0969344309821176 
1560244973.729518 -2.0858091655870097 -1.7566658652891838 1.0809859764176952 
1560244973.762875 -2.082386748914299 -1.7504217301664515 1.0643677425824358 
1560244973.796231 -2.0784295134076203 -1.7434485204557857 1.0475988767676765 
1560244973.829588 -2.0737336585099757 -1.735403789194589 1.0306911428732344 
1560244973.862944 -2.068843698107919 -1.7274760382216479 1.0132804701010176 
1560244973.896301 -2.0632820981823135 -1.7187455411684158 0.9958553613220776 
1560244973.929658 -2.0568987717159724 -1.7090074372054618 0.9784500920655018 
1560244973.963014 -2.051534495863533 -1.7012407330774912 0.9612552512201762 
1560244973.996371 -2.04552477878647 -1.6928063927518162 0.9441034668234282 
1560244974.029727 -2.0386476139567695 -1.6834109303369653 0.9269915528514973 
1560244974.063084 -2.0328927973348887 -1.675934604479366 0.9097107368212038 
1560244974.096441 -2.025790798408881 -1.667006578518878 0.8923566918555682 
1560244974.129798 -2.0169652912686593 -1.6561742331943403 0.8749244622250896 
1560244974.163154 -2.0093146304670917 -1.6472456205186703 0.8572225577244024 
1560244974.196511 -2.0023263787193315 -1.6392873750673664 0.8394578465393736 
1560244974.229867 -1.9960687281330842 -1.6323877041286268 0.8216353203014986 
1560244974.263229 -1.9865726304728482 -1.6224373392363414 0.8044190619707623 
1560244974.296586 -1.9775520626956569 -1.6131955111903853 0.7874452056499737 
1560244974.329942 -1.9692951462021635 -1.604986310583476 0.7707242061687772 
1560244974.363299 -1.9624617197829113 -1.5985029596611997 0.7543759100741356 
1560244974.396656 -1.9548364065841748 -1.5914656533370075 0.7381747315575306 
1560244974.430012 -1.946186985655516 -1.583670987107646 0.7221287558673496 
1560244974.463369 -1.9373627802592488 -1.5760744599402234 0.7065202628101804 
1560244974.496726 -1.927628124218815 -1.5679024893779137 0.6913708552452309 
1560244974.530082 -1.91682646784632 -1.5590398569384403 0.6767418096368684 
1560244974.563439 -1.911115374512173 -1.5545396256392152 0.6627599887965779 
1560244974.596796 -1.903866424094489 -1.5489898442329835 0.6488055656302821 
1560244974.630152 -1.8945605089251012 -1.5419919576293113 0.6348515837819495 
1560244974.663509 -1.8869319697737432 -1.5364910120667332 0.6207605849325541 
1560244974.696866 -1.8784322564116769 -1.530513331703739 0.6068118429080932 
1560244974.730222 -1.868841396502302 -1.523911488866537 0.5930355240673311 
1560244974.763579 -1.8591266006347036 -1.5174929578139822 0.580456928147904 
1560244974.796936 -1.8502690165287003 -1.5117401266191666 0.5687819622482871 
1560244974.830292 -1.8424055970639592 -1.5067470564630878 0.5580969034450786 
1560244974.863649 -1.8325569544676275 -1.5006876645582796 0.5492639600020205 
1560244974.897006 -1.8235340141718657 -1.4952068097330469 0.5406795340221191 
1560244974.930362 -1.8155366339798629 -1.490431221728349 0.5323039240752673 
1560244974.963719 -1.8094310403052671 -1.4868831100777684 0.5241186459230693 
1560244974.997076 -1.8014677585534196 -1.4823382425299616 0.5159563526564639 
1560244975.030432 -1.7913268908777276 -1.476616921095145 0.507813239487744 
1560244975.063789 -1.7850788043895234 -1.473187581676327 0.49953208165008944 
1560244975.097146 -1.7789332723389424 -1.4698650760077887 0.4913970805058617 
1560244975.130502 -1.7727665209561814 -1.4665822867148184 0.48343159058171026 
1560244975.163859 -1.7645525316120048 -1.4623302431081822 0.47570760271080803 
1560244975.197216 -1.757240038690971 -1.4585894535658974 0.4681249807572139 
1560244975.230572 -1.7509990887516678 -1.4554501307246006 0.46069245997360525 
1560244975.263933 -1.7447246678602073 -1.4523758697832214 0.45374335027914253 
1560244975.29729 -1.7374374967696673 -1.4488564541367277 0.44716252310333415 
1560244975.330647 -1.729031545896341 -1.4448428764292807 0.440973436291194 
1560244975.364003 -1.722651831775741 -1.441862401997558 0.43554753106576527 
1560244975.39736 -1.715300780818015 -1.4384666769384837 0.4306148237339958 
1560244975.430717 -1.7068314846736914 -1.4345884386862413 0.4262023087513773 
1560244975.464073 -1.7004169446246526 -1.4316954417638665 0.42274537121674566 
1560244975.49743 -1.6930220614476243 -1.4283840923374207 0.4196842242799319 
1560244975.530787 -1.6845126826206822 -1.4245945290718471 0.41703015811328337 
1560244975.564143 -1.6759890857854096 -1.4208379141643097 0.41444583992765566 
1560244975.5975 -1.6695130121018307 -1.417993867917405 0.4118457180641841 
1560244975.630857 -1.665243649562281 -1.4161324885201334 0.4092271815384096 
1560244975.664213 -1.6567650961409053 -1.4124772274803574 0.4063294649808338 
1560244975.69757 -1.649238846306702 -1.4092495391031663 0.4033063981282351 
1560244975.730927 -1.6428108244671233 -1.4065131006316445 0.400154877223222 
1560244975.764283 -1.6342557415003716 -1.4029206435388142 0.3966886151159682 
1560244975.79764 -1.622516421949483 -1.3980562039827897 0.3914282135536575 
1560244975.830997 -1.6074394400100454 -1.3918586075911288 0.3842724547185493 
1560244975.864353 -1.6008406229457686 -1.3892097413325741 0.3806117407537136 
1560244975.89771 -1.594350048614851 -1.386625015482137 0.3772016508224136 
1560244975.931067 -1.587852756893043 -1.3840572583033033 0.3740052556035436 
1560244975.964424 -1.5813448497576545 -1.3815165507872949 0.37158172166378534 
1560244975.99778 -1.5737692403683852 -1.3785750512750996 0.36944550011644717 
1560244976.031137 -1.5650811595714291 -1.3752155815649298 0.36759931078304053 
1560244976.064494 -1.5606930486099002 -1.3735313253906085 0.366069982788878 
1560244976.09785 -1.5542026701141054 -1.3710506845354293 0.3646834221373923 
1560244976.131207 -1.5454991606664594 -1.367731217978269 0.3634412565822355 
1560244976.164564 -1.5389517493759999 -1.365247531632726 0.36226966723274157 
1560244976.19792 -1.5324174078436177 -1.3627761793758366 0.36095819324172634 
1560244976.231277 -1.5258804310805634 -1.3603112533739654 0.35950284984066205 
1560244976.26464 -1.5193321876924073 -1.3578725422735216 0.355501174215761 
1560244976.297997 -1.5116915880010136 -1.3550597542023648 0.3510995968370132 
1560244976.331354 -1.5029410390311202 -1.351866674672049 0.3463042713476773 
1560244976.36471 -1.498544148055197 -1.3502933366590422 0.34271387770578177 
1560244976.398067 -1.493061070304659 -1.34834761835906 0.33980838277707476 
1560244976.431424 -1.4864730358396987 -1.346022743164198 0.33758910239006074 
1560244976.464781 -1.4776826052896188 -1.3429448177719376 0.3365417017325918 
1560244976.498137 -1.471090596770437 -1.3406384876693047 0.3360462638792405 
1560244976.531494 -1.4666935900015103 -1.3391025416223366 0.33610085668463935 
1560244976.564851 -1.4622965727328656 -1.3375666713181251 0.3360490433301827 
1560244976.598207 -1.4534795621383805 -1.334488953168554 0.33581045959799877 
1560244976.631564 -1.4403032719377344 -1.3298906074695693 0.3353844315412149 
1560244976.664921 -1.4315050599379977 -1.3268308611972952 0.3342503379739553 
1560244976.698277 -1.4227041120651047 -1.323779973806295 0.33303485006520134 
1560244976.731634 -1.4139250867926014 -1.3207463971268703 0.33172353290183754 
1560244976.764991 -1.4095169144059099 -1.319242888087678 0.3276565827060664 
1560244976.798348 -1.4051013278141289 -1.3177616013030369 0.32100129526913146 
1560244976.831704 -1.4006610586327635 -1.3162971079538401 0.31180173814315854 
1560244976.865061 -1.3939920953699934 -1.314215338445757 0.29935844125518535 
1560244976.898418 -1.3884429024406386 -1.3125248614660272 0.2881628658802823 
1560244976.931775 -1.3839964460385457 -1.311218821783861 0.2781907283467849 
1560244976.965131 -1.3817534704525647 -1.3105926272776276 0.2701536841289647 
1560244976.998488 -1.3795072202916374 -1.30997824068418 0.26329657352328334 
1560244977.031845 -1.3772578300406735 -1.3093753645240689 0.2575902466157598 
1560244977.065202 -1.375004223694287 -1.3087886808939722 0.2536391586311184 
1560244977.098558 -1.371591118103944 -1.3079136022453701 0.2500163335526949 
1560244977.131915 -1.3671093893977655 -1.3067730748650983 0.24670981461624159 
1560244977.165272 -1.3648498871543204 -1.3062092928313533 0.24375359738398789 
1560244977.198628 -1.36142405272074 -1.3053646624374236 0.24099882770274253 
1560244977.231985 -1.356900428444106 -1.30425592129673 0.23845192860500472 
1560244977.265333 -1.352374780089168 -1.303160864024584 0.2370239832289853 
1560244977.29869 -1.3466780475427895 -1.3017803754594726 0.23745950634017574 
1560244977.332046 -1.3398481965604996 -1.3001227495432095 0.2396969339780732 
1560244977.365403 -1.3308085969878738 -1.297874540437487 0.2452489523444756 
1560244977.39876 -1.3229499921546342 -1.295887084706878 0.25115148643187807 
1560244977.432117 -1.316140247296332 -1.2941278727237115 0.25735635107445665 
1560244977.465473 -1.307141146757291 -1.2917233780810902 0.2624818373840369 
1560244977.49883 -1.2981504714515653 -1.2892866704694452 0.267033355289098 
1560244977.532187 -1.2892181991646876 -1.2868334673720485 0.2710281629456642 
1560244977.565543 -1.282490895018418 -1.2849498826529135 0.2737375506538881 
1560244977.5989 -1.2745939559160706 -1.2827225630433285 0.27585198950430817 
1560244977.632257 -1.265632110685097 -1.2801817815481547 0.2774166357731585 
1560244977.665613 -1.2566758751260911 -1.277622607166343 0.2786692434787914 
1560244977.69897 -1.2477213253019812 -1.2750561537984513 0.279679202212017 
1560244977.732327 -1.238887410474493 -1.2725168986303794 0.2805537710998248 
1560244977.765684 -1.2344157258179138 -1.271214449994079 0.2845068462715481 
1560244977.79904 -1.228773986113428 -1.2695369144176731 0.29058634927615073 
1560244977.832397 -1.2220849244935743 -1.2675210079864432 0.2985927553552664 
1560244977.865754 -1.215420939705953 -1.2654236656478006 0.30735853611560104 
1560244977.89911 -1.2087710400563443 -1.2632830251732106 0.3155407344746382 
1560244977.932467 -1.202201724727676 -1.2611248753661979 0.32311775534643894 
1560244977.965824 -1.197790402677179 -1.2596306819774405 0.327939507374336 
1560244977.99918 -1.1933825583150637 -1.2581265827876449 0.3306450610903693 
1560244978.032537 -1.1889052281065349 -1.2565892739800457 0.3313543748929035 
1560244978.065894 -1.1822938436022818 -1.254331691198871 0.32814592642738516 
1560244978.099251 -1.1756726722417983 -1.252102830277098 0.32256630012769927 
1560244978.132607 -1.1690423344540428 -1.2499019049525606 0.3148954748508691 
1560244978.165964 -1.1623869388107908 -1.2477773636478535 0.3066414839551418 
1560244978.199321 -1.1557185803318157 -1.2456941530649874 0.29895875351608436 
1560244978.232677 -1.1490385486606696 -1.2436492379434378 0.29181957322056196 
1560244978.266029 -1.1423403380059025 -1.2416676693827478 0.285947089022392 
1560244978.299386 -1.1368369527607483 -1.2400593031737268 0.2809771699348392 
1560244978.332742 -1.1322734981226774 -1.2387481858236005 0.2768305806133633 
1560244978.366099 -1.1255491821901862 -1.2368529929969705 0.27384485661481994 
1560244978.399456 -1.1188212638769142 -1.2349707835211727 0.2715115416898988 
1560244978.432812 -1.1119981336925902 -1.2330748466475185 0.26976607762631 
1560244978.466169 -1.103018196318849 -1.2305986893393177 0.26877014703637464 
1560244978.499526 -1.0940362105655097 -1.2281301808210154 0.2677164514736585 
1560244978.532882 -1.0852463890939348 -1.2257216652021499 0.26660019357533576 
1560244978.566239 -1.0807521869993186 -1.2244991404337393 0.26517789114606966 
1560244978.599596 -1.075032876933445 -1.222952280519985 0.2636589183756008 
1560244978.632953 -1.0683891118088957 -1.2211616521250381 0.26207183805749656 
1560244978.666309 -1.0638896089024745 -1.219959197390657 0.2607561760284326 
1560244978.699666 -1.056929465839884 -1.2181086588589916 0.25955694593173556 
1560244978.733023 -1.04813909483176 -1.2157766342091296 0.25851838900908924 
1560244978.766379 -1.0436367289408301 -1.2145852337932788 0.2587660970701691 
1560244978.799736 -1.0391351941736264 -1.213390190973619 0.25981257992926404 
1560244978.833093 -1.0345234405500503 -1.2121613303407504 0.2615871196984093 
1560244978.866449 -1.0277789578412726 -1.2103398340955585 0.26471258743891246 
1560244978.899806 -1.0222747293565864 -1.2088424083723066 0.2674078002932751 
1560244978.933163 -1.01778346910141 -1.2076090859623145 0.26967102980977786 
1560244978.96652 -1.0132948921792966 -1.2063657981149685 0.27045145478677857 
1560244978.999876 -1.0075661323166771 -1.2047797605891617 0.2702304755678536 
1560244979.033233 -1.0008327588955506 -1.2029171748542917 0.269107259292144 
1560244979.066589 -0.9940946307496644 -1.2010726244527221 0.2663700972781856 
1560244979.099946 -0.9873524361600065 -1.1992422786074497 0.26384968113949403 
1560244979.133303 -0.9807322506427205 -1.197457960204592 0.26153104900402163 
1560244979.166659 -0.9762316741196103 -1.1962594818386953 0.2596821555608909 
1560244979.200016 -0.9704754617828524 -1.1947370576263217 0.25797171328217017 
1560244979.233373 -0.9637196569679233 -1.1929575571931574 0.2564064569465829 
1560244979.266728 -0.9569609418209509 -1.191190520860094 0.25541035184742444 
1560244979.300085 -0.9514599504011051 -1.1897565003418307 0.2543819840011597 
1560244979.333441 -0.9468170152252045 -1.1885512135921024 0.2532920580902326 
1560244979.366798 -0.9400516705557138 -1.1868081735454201 0.25163423351225467 
1560244979.400155 -0.9320172598526876 -1.1847547927969373 0.24953788444577685 
1560244979.433511 -0.9232695174335167 -1.1825309555489054 0.2470587665742727 
1560244979.466868 -0.918751029878409 -1.1814015623070864 0.24397966688805048 
1560244979.500225 -0.9116825043165877 -1.1796596580817689 0.2409005451939533 
1560244979.533581 -0.9029251326363021 -1.1775148912256028 0.23783292210127177 
1560244979.566938 -0.898396566475505 -1.1764266197339317 0.23493149439621558 
1560244979.600295 -0.8925840531832185 -1.1750485211961472 0.23182922188513674 
1560244979.633651 -0.8856331439400018 -1.1734152690778417 0.22854667660611544 
1560244979.667008 -0.8765551317965333 -1.1713274702322014 0.2248990728414823 
1560244979.700365 -0.8674701523536106 -1.169270018065783 0.22092894120673234 
1560244979.733722 -0.8585345899814898 -1.16727343567858 0.21671281416015362 
1560244979.767078 -0.8517076463622753 -1.1657908959330212 0.21249681691426675 
1560244979.800435 -0.8448751341676057 -1.1643333474752928 0.20818700593900408 
1560244979.833792 -0.837877251315751 -1.1628654285925382 0.20377385560305067 
1560244979.867148 -0.8287490786832692 -1.1610104645588954 0.1989314451550954 
1560244979.900505 -0.8196127855781629 -1.1591944281808864 0.19392641526132387 
1560244979.933862 -0.8104697149675473 -1.1574128838534554 0.18877898622375353 
1560244979.967218 -0.8013141453316179 -1.155698364259443 0.1833680780101766 
1560244980.000575 -0.7908358352316885 -1.1537900581251117 0.1780996304198925 
1560244980.033932 -0.7795445040433502 -1.1517736333048902 0.17293993797472146 
1560244980.067289 -0.7703629231231257 -1.1502024519772172 0.167813109930191 
1560244980.100645 -0.7598517709596371 -1.148456209536051 0.16266600401902906 
1560244980.134002 -0.7483589238328205 -1.146587653943223 0.15750366770927773 
1560244980.167359 -0.736852924260932 -1.1448011782216214 0.15234128532261332 
1560244980.200715 -0.726670554582072 -1.1432629789762778 0.1470969720974827 
1560244980.234072 -0.7172722671043299 -1.1418868328364022 0.14176729473786676 
1560244980.267433 -0.7057377892158726 -1.1402849214431146 0.1361423606460632 
1560244980.30079 -0.6928577963242467 -1.1385643280594349 0.1305953193977868 
1560244980.334147 -0.6793762069435266 -1.1368126171498973 0.12511001561296908 
1560244980.367503 -0.6701301357401187 -1.135683812882118 0.11969015565687037 
1560244980.40086 -0.6595317672469215 -1.134444603634286 0.11435283208289097 
1560244980.434217 -0.6477694804441696 -1.1331130149147988 0.10911039943286387 
1560244980.467574 -0.6338751839010461 -1.131636397469495 0.10425889356706759 
1560244980.50093 -0.6213292748013264 -1.1303501159946527 0.09971885601445797 
1560244980.534287 -0.6097419842084362 -1.12920519035647 0.09545182840806635 
1560244980.567644 -0.5981485605801141 -1.1281239969261947 0.09173735835291619 
1560244980.601001 -0.5865518042155051 -1.1270785578288973 0.08827284849605023 
1560244980.634357 -0.5749527560382393 -1.1260631809659747 0.08500656330265566 
1560244980.667714 -0.5633489746973013 -1.1250978494265635 0.08196716172465411 
1560244980.701071 -0.551742655663504 -1.1241651422683232 0.07876051784477363 
1560244980.734427 -0.540134447762747 -1.1232603409978512 0.07544969055651635 
1560244980.767784 -0.5285218783892717 -1.1224070668175656 0.07226815945778936 
1560244980.801141 -0.5169071939316455 -1.1215854078074192 0.06920897154343776 
1560244980.834497 -0.5055037506154668 -1.1208042631909878 0.06621516695012951 
1560244980.867854 -0.4962078218483963 -1.1202073927673881 0.06302757171148812 
1560244980.901211 -0.4855325638439018 -1.1195570333476115 0.05960837283498515 
1560244980.934567 -0.4741268725381098 -1.1188873947473619 0.05604003469936715 
1560244980.967924 -0.4648252573967306 -1.1183868347945416 0.05256818041914157 
1560244981.001281 -0.4527557262434168 -1.1177775408979798 0.049392193937407666 
1560244981.034638 -0.4379081622360822 -1.1170641722695716 0.046166950756658325 
1560244981.067994 -0.41464260322119634 -1.1160678573840797 0.040573651775364365 
1560244981.101351 -0.39831758715009014 -1.1154115525443853 0.03698864506208258 
1560244981.134708 -0.3869093278755869 -1.1149959105573528 0.03482303489670109 
1560244981.168064 -0.3775998271041985 -1.1146812205182477 0.0332344297595663 
1560244981.201421 -0.36550168813002754 -1.114289551357581 0.03190115897301383 
1560244981.234778 -0.3520015667558397 -1.1138626196805395 0.030754087605075604 
1560244981.268126 -0.3426932351456579 -1.1135823536157945 0.0297439781571922 
1560244981.301483 -0.33338220511352734 -1.1133109488873871 0.028669564138027393 
1560244981.33484 -0.3235967594089447 -1.1130345299483206 0.027534495500074266 
1560244981.368196 -0.30962961586473026 -1.1126615489755634 0.026239900096775855 
1560244981.401553 -0.29846866220301244 -1.1123745720337859 0.02492384641144417 
1560244981.43491 -0.28891440235843735 -1.1121404846317346 0.023615831271493103 
1560244981.468266 -0.2772740159505744 -1.1118739105927116 0.02249889017745783 
1560244981.501623 -0.2656330922544416 -1.1116169033965968 0.02163986685927276 
1560244981.53498 -0.25423882130372416 -1.111372327947017 0.02097187906965446 
1560244981.568336 -0.24492610129269482 -1.1111798738615661 0.020494496510718607 
1560244981.601693 -0.23419962310386092 -1.1109611497051333 0.020254370469539294 
1560244981.63505 -0.2228099227297818 -1.1107305233776013 0.020187032283930994 
1560244981.668406 -0.21349708872628292 -1.1105419651871848 0.020278141486680137 
1560244981.701763 -0.20418401874031084 -1.1103517059783872 0.0204991218553856 
1560244981.73512 -0.1946142683283941 -1.1101539137914604 0.02087133874940726 
1560244981.768476 -0.182973514108108 -1.1099041199267161 0.021791680744790785 
1560244981.801833 -0.17275585046481715 -1.1096746886759539 0.023037838475733492 
1560244981.83519 -0.16344340093402226 -1.109455270609966 0.024586981495292932 
1560244981.868546 -0.15413180953762695 -1.1092126341586694 0.026893026854147024 
1560244981.901903 -0.14339279492848195 -1.1089067228159395 0.029351696016279065 
1560244981.93526 -0.13202056965695957 -1.108564904646155 0.03188621937405694 
1560244981.968616 -0.12271101613634754 -1.108253875087069 0.03426332695364744 
1560244982.001973 -0.1134019031251409 -1.1079227192793777 0.036596766513259146 
1560244982.03533 -0.1040933046591136 -1.1075755074320204 0.0388656297163952 
1560244982.068686 -0.09478609682696491 -1.1072018920221223 0.04085188809593024 
1560244982.102043 -0.08547923703630145 -1.106812843064897 0.04259683579404823 
1560244982.1354 -0.07617279129291687 -1.1064119476550311 0.044141740348730946 
1560244982.168756 -0.06686742287332319 -1.1059940340048724 0.045310797631537024 
1560244982.202113 -0.056120658993207985 -1.105501447662217 0.04617164173481568 
1560244982.23547 -0.044489295552329944 -1.104962340268777 0.046759987729737995 
1560244982.268827 -0.032858249067015406 -1.1044182019282975 0.0467416164996702 
1560244982.302183 -0.02267384422431728 -1.1039431594773341 0.0465465066875366 
1560244982.33554 -0.013368865869870917 -1.103510297878988 0.04629188321563904 
1560244982.368897 -0.004063854742704293 -1.1030786932610188 0.04638010836420095 
1560244982.402253 0.008143328124567561 -1.1025113551972048 0.04646832943994171 
1560244982.43561 0.021519646951536114 -1.1018890684229081 0.04655211422686578 
1560244982.468967 0.030824555716021954 -1.101455316525518 0.04660480724919646 
1560244982.502323 0.040129228010954254 -1.1010221744060091 0.04650180771489906 
1560244982.53568 0.04972976407467639 -1.1005762613982952 0.04628320757757316 
1560244982.569037 0.06136113286062274 -1.1000402375871674 0.04590951935236393 
1560244982.602393 0.07299254109045683 -1.0995116198509063 0.04515647041209804 
1560244982.63575 0.08432429235044413 -1.0990029480441625 0.04413743933900434 
1560244982.669107 0.09363055808072276 -1.0985994172179538 0.042839921505687086 
1560244982.702463 0.1058696444937733 -1.0980901041471618 0.04113941051544865 
1560244982.73582 0.11922008560985209 -1.0975477576261348 0.039125466503293786 
1560244982.769177 0.1285285284500598 -1.0971979089655768 0.0366028222316128 
1560244982.802533 0.13930911743458452 -1.0968245392165594 0.03363095730611998 
1560244982.83589 0.15063639608456517 -1.0964543276383307 0.030321875731524412 
1560244982.869246 0.15994750037953626 -1.0961937181094021 0.02652019230739674 
1560244982.902603 0.17073656434967976 -1.0959328993400892 0.02283109886323881 
1560244982.93596 0.18269295756647008 -1.095674913249254 0.01923099933418103 
1560244982.969317 0.19666343307871206 -1.0954357691368775 0.01578452599373248 
1560244983.002673 0.20915213543783137 -1.0952588898761029 0.01249645159712864 
1560244983.03603 0.22079520378613762 -1.0951255931726607 0.009259591673693965 
1560244983.069387 0.2324386211786334 -1.0950426446799915 0.00577760343181553 
1560244983.102743 0.24408190618184092 -1.094997277596959 0.0024318362701953107 
1560244983.1361 0.25540060000673115 -1.0949802195514624 -0.0008370003248771046 
1560244983.169456 0.26471532277342774 -1.0950065429458948 -0.004105719967049703 
1560244983.202813 0.277013851284257 -1.0950875873274277 -0.007602166209455764 
1560244983.23617 0.29032593655825906 -1.0952012763309333 -0.011235230616407495 
1560244983.269536 0.29964262035625766 -1.095326807391898 -0.014923213889832677 
1560244983.302893 0.3089562088456081 -1.095486107979674 -0.018701578464918735 
1560244983.336249 0.3186045402474285 -1.0956802798290748 -0.02254082857767321 
1560244983.369606 0.3302447027596692 -1.0959701635249228 -0.026441000720064275 
1560244983.402963 0.34038196635623463 -1.0962580975332443 -0.030387020110674512 
1560244983.43632 0.3496923605598063 -1.0965528797694757 -0.03433231049218734 
1560244983.469676 0.35900086034956785 -1.0968938909537171 -0.038125779040082707 
1560244983.503033 0.368308236462591 -1.0972700175673886 -0.0420343438841928 
1560244983.53639 0.3776145258069184 -1.0976738548520428 -0.046058302301808095 
1560244983.569746 0.3869182096211379 -1.0981269172170727 -0.05038471439004308 
1560244983.603103 0.3977298776839471 -1.0987047073341054 -0.05496505727076955 
1560244983.63646 0.4090054963582337 -1.0993410844503122 -0.05978938130694817 
1560244983.669816 0.41830172912962804 -1.099927913159235 -0.06521726850560307 
1560244983.703173 0.42759493786231184 -1.1005638728953595 -0.07062216554380406 
1560244983.73653 0.43723962507710995 -1.101265692657932 -0.07601759057430467 
1560244983.769887 0.44884686252815187 -1.1021874353256236 -0.08142894675421722 
1560244983.803243 0.45741646010396836 -1.1029037949554836 -0.08658469948424984 
1560244983.8366 0.4647339776340508 -1.1035531852157878 -0.09157226567204749 
1560244983.869957 0.4740074922722984 -1.1044315049773095 -0.0963795831618923 
1560244983.903313 0.4832765834601154 -1.1053521388935934 -0.10097709717312478 
1560244983.93667 0.4921800174696561 -1.1062652829328632 -0.10543681653405598 
1560244983.970027 0.49912555527631514 -1.1070182647782578 -0.10974668922737046 
1560244984.003384 0.5075898752156578 -1.1079735944823974 -0.11375275860506964 
1560244984.03674 0.5168430850006923 -1.1090424109129404 -0.11756674689094641 
1560244984.070097 0.5260914044511603 -1.1101549386728335 -0.12120148936867535 
1560244984.103454 0.5353356208263071 -1.1113013264927858 -0.12493006139465412 
1560244984.136811 0.5442049481154068 -1.1124249691612746 -0.1287698553345259 
1560244984.170167 0.5511309424399063 -1.113339050898875 -0.13293747042603846 
1560244984.203524 0.5595801946706668 -1.1144940188492949 -0.13724637068861506 
1560244984.236881 0.5684299867554727 -1.115727501101551 -0.14166734822555557 
1560244984.270228 0.5753414983071824 -1.1167323680883383 -0.14629247731046102 
1560244984.303585 0.5837783927969796 -1.118003184380482 -0.1510369484369411 
1560244984.336941 0.5926057746653591 -1.1193587788996233 -0.15584097634519392 
1560244984.370298 0.5995042908707349 -1.1204624842312718 -0.16064515243430808 
1560244984.403655 0.6079270570802522 -1.1218541811715617 -0.16528374442040625 
1560244984.437011 0.6167295889453802 -1.123333743013217 -0.16977976245586157 
1560244984.470368 0.6236124776760443 -1.12453097461098 -0.17397990482502473 
1560244984.503725 0.6320212918964143 -1.1260327790868105 -0.178085129964396 
1560244984.537081 0.6407995636738066 -1.127622885202105 -0.1821009772275462 
1560244984.570438 0.6476674681780114 -1.1289032186355015 -0.18591025550029547 
1560244984.603795 0.656062853010693 -1.1305044323788818 -0.18969575194952235 
1560244984.637151 0.6648172887586548 -1.1321952362805559 -0.1935241140433578 
1560244984.670508 0.6716699564181376 -1.1335551049541022 -0.1976176575488665 
1560244984.703865 0.6800501144550956 -1.1352590418956034 -0.2019739585192648 
1560244984.737221 0.6887779941959998 -1.1370578727738094 -0.20650518523880815 
1560244984.770578 0.6956118532151029 -1.1385091204207065 -0.21126065967449584 
1560244984.803935 0.7039719421950181 -1.1403318899159602 -0.21625574398380437 
1560244984.837291 0.7126681233701331 -1.1422556512441797 -0.22140375323049286 
1560244984.870648 0.7194791177628291 -1.1438106844166718 -0.22672774168562546 
1560244984.904005 0.7278144411164857 -1.1457650813662306 -0.23202773656600717 
1560244984.937361 0.7368756424938887 -1.147923401965895 -0.237341259956722 
1560244984.970718 0.7459226780388959 -1.1501417081188712 -0.24277184727550874 
1560244985.004075 0.7549574485622103 -1.1524094028320027 -0.24813014779970818 
1560244985.037431 0.7635783378726114 -1.1546072835192238 -0.253453981269071 
1560244985.070788 0.7703360155218829 -1.156379581830798 -0.2587779542778649 
1560244985.104145 0.7786139673080589 -1.158602225111108 -0.2640052463056053 
1560244985.137501 0.7871942666169041 -1.1609351278479874 -0.2691869581061045 
1560244985.170858 0.793923425529919 -1.162812890251253 -0.27436881805604224 
1560244985.204215 0.8036984102978972 -1.1656047414445156 -0.27955071504333967 
1560244985.237571 0.8144738239330405 -1.1687160228438038 -0.2847470373217773 
1560244985.270921 0.8234040486946105 -1.171358784798365 -0.29000733583871663 
1560244985.304278 0.8323215050718424 -1.1740507578071193 -0.29534168820646695 
1560244985.337635 0.8408157267038097 -1.1766490659979465 -0.3006899140605454 
1560244985.370991 0.8474821851170683 -1.1787379185294107 -0.30595115272167717 
1560244985.404348 0.8556594427990193 -1.181353102769714 -0.31121254180644436 
1560244985.437705 0.8641068574465921 -1.18408398680701 -0.3164139352156146 
1560244985.471061 0.8707400736326414 -1.1862762242601652 -0.32135539636885496 
1560244985.504418 0.8788824664672521 -1.189013442448474 -0.3257830569366749 
1560244985.537775 0.8877032934891212 -1.1920071980806615 -0.3299380359819291 
1560244985.571131 0.8965088234219198 -1.1950447120496148 -0.33392014562263106 
1560244985.604488 0.9037844935898842 -1.1975842078570198 -0.33777965287034245 
1560244985.637845 0.9107936032649397 -1.2000591122075173 -0.34165246451552067 
1560244985.671201 0.9195627121202213 -1.2032003436915106 -0.3458122362704889 
1560244985.704558 0.9283175776782103 -1.2063817852943663 -0.35031685575854354 
1560244985.737915 0.936638382379531 -1.2094348667965238 -0.3550064621431162 
1560244985.771271 0.9431822899001208 -1.2118807154064872 -0.35982968673525767 
1560244985.804628 0.9512265852705256 -1.2149355038888499 -0.3644060548385523 
1560244985.837984 0.9594991914182971 -1.2181024778726828 -0.3687555241481684 
1560244985.871341 0.9660104405023737 -1.2206346059936286 -0.37261952668851456 
1560244985.904698 0.9725113215609935 -1.2231931254514246 -0.3765083126907445 
1560244985.938055 0.9790046868360621 -1.225770789307542 -0.38043605966860206 
1560244985.971411 0.9854854500289534 -1.228379349877499 -0.3844775948631383 
1560244986.004768 0.9919547757912067 -1.2310166247463314 -0.38876771603236165 
1560244986.038124 0.9984154455184573 -1.2336746642313334 -0.39316460048714597 
1560244986.071481 1.0048622054990395 -1.2363667126046813 -0.3975615465577023 
1560244986.104838 1.0097932291811813 -1.2384497895130755 -0.4021080472342419 
1560244986.138194 1.0145084654746184 -1.2404671932614086 -0.4067540870162175 
1560244986.171551 1.0209174003281924 -1.2432479294581245 -0.4115419198681446 
1560244986.204907 1.028810418466805 -1.2467229445125962 -0.4162046402818182 
1560244986.238264 1.0364558535389863 -1.2501114093898287 -0.42076314631405054 
1560244986.271619 1.0407023869723213 -1.2520237371358067 -0.42512027856882484 
1560244986.304976 1.046433349606556 -1.2546412094043766 -0.42970325189916186 
1560244986.338332 1.0523435646701509 -1.257358861618086 -0.43446832360671156 
1560244986.371689 1.0565629335437723 -1.2593310391958634 -0.43957190371873206 
1560244986.405046 1.0607710174783767 -1.2613270628124007 -0.445002300241361 
1560244986.438402 1.0654073012670255 -1.2635534729330664 -0.4506565608900417 
1560244986.471759 1.0716861713325578 -1.266616718513121 -0.4566484480219017 
1560244986.505115 1.0764654652394645 -1.2689838519858794 -0.4632704995009774 
1560244986.538472 1.0806266887940847 -1.2710758223643865 -0.47030037175143113 
1560244986.571829 1.084769848455515 -1.2732033908359297 -0.4778911872516641 
1560244986.605185 1.0888946472075507 -1.2753659291794157 -0.4860128281540357 
1560244986.638542 1.0934412241092355 -1.2777913007194377 -0.4944707615612745 
1560244986.671898 1.0995745742114513 -1.2811360414327508 -0.5033759806391137 
1560244986.705255 1.1042266672395078 -1.2837246362999761 -0.5125604976421607 
1560244986.738611 1.1082777228229035 -1.2860223045003671 -0.521925888530049 
1560244986.771968 1.1123031695069108 -1.288364994220837 -0.5315450169055443 
1560244986.805325 1.1163034640669982 -1.2907501693810866 -0.5415203078405404 
1560244986.838682 1.120285580558923 -1.2931655026746183 -0.5517216318666974 
1560244986.872038 1.1242381450775052 -1.2956288471982036 -0.5622287207423766 
1560244986.905395 1.1323334408284451 -1.300924284965714 -0.5806127424487092 
1560244986.938751 1.1403445097891476 -1.3062183104265621 -0.5998724577035357 
1560244986.972108 1.1422587760626541 -1.3075445382757669 -0.611232598132033 
1560244987.005465 1.1481916880518181 -1.3118991538444793 -0.6309274463302145 
1560244987.038821 1.154435978471359 -1.3165217351879799 -0.6513711770608107 
1560244987.072178 1.1562791369127774 -1.3179449817928213 -0.6630510882104985 
1560244987.105535 1.1607295056262852 -1.3214945485529752 -0.674962059627592 
1560244987.138891 1.1657646031254056 -1.3255511996403218 -0.6869847190281114 
1560244987.172248 1.1693466748827406 -1.3285278956253992 -0.699088735218513 
1560244987.205605 1.1728894267455814 -1.3315512168505443 -0.7111413661744133 
1560244987.238961 1.17601327718496 -1.3342565833630964 -0.7231739700985557 
1560244987.27231 1.1777489887010177 -1.3358083078721967 -0.7352040490677897 
1560244987.305666 1.1807049521954847 -1.3385322548356522 -0.7471334063538342 
1560244987.339023 1.184490140704291 -1.3420780040473599 -0.7589031656844583 
1560244987.37238 1.1895306972695583 -1.346915443192839 -0.770260999768313 
1560244987.405736 1.1921046311651202 -1.3494237650797238 -0.7808680822354199 
1560244987.439093 1.1941262298992934 -1.3514507287484123 -0.7910977805437484 
1560244987.472449 1.197383570598516 -1.3547795640948024 -0.8009985168671864 
1560244987.505806 1.2006042359447588 -1.358143869034132 -0.8110552359754307 
1560244987.539162 1.2041642680008895 -1.3619288080658982 -0.8212102556335974 
1560244987.572519 1.2088969785451218 -1.3670679134490964 -0.8315021852107447 
1560244987.605875 1.2112987070095447 -1.3697154274465217 -0.8420540163611335 
1560244987.639232 1.2131979500152772 -1.3718703265278815 -0.8527751179493078 
1560244987.672589 1.2162422675265854 -1.375395242030961 -0.8637388840043968 
1560244987.705945 1.2192428968056752 -1.3789570098208557 -0.8749632674954503 
1560244987.739302 1.2222135485099037 -1.3825439903686227 -0.8862571739923987 
1560244987.772658 1.22513769256446 -1.3861690096595798 -0.8974693486317011 
1560244987.806015 1.2280163104558752 -1.3898302404613994 -0.9088126016554238 
1560244987.839372 1.2305309910557163 -1.3930734232751583 -0.9201688527419376 
1560244987.872728 1.231930753344276 -1.394934444654843 -0.9314165363779594 
1560244987.906085 1.235329435680908 -1.3995964665365492 -0.9425070081424362 
1560244987.939441 1.238771167572868 -1.4043507051216542 -0.9535159082543551 
1560244987.972798 1.2401084595291993 -1.4062571911667243 -0.9644441245324114 
1560244988.006155 1.2423903194739283 -1.4096079268912782 -0.9752670052302592 
1560244988.039511 1.244987223618863 -1.4134739772435452 -0.9861042955686509 
1560244988.072868 1.2475362179811214 -1.4173721070519585 -0.997103519187915 
1560244988.106224 1.2491145223526525 -1.4198374189155827 -1.0079440179485657 
1560244988.139581 1.2509396595747742 -1.4227826668787538 -1.0187673774407149 
1560244988.172937 1.2545702993560937 -1.4287511577962746 -1.0297061381181143 
1560244988.206294 1.2572501711453594 -1.4332670604221671 -1.0407775942137623 
1560244988.239651 1.2595878588666396 -1.4372952566557577 -1.0519379744629533 
1560244988.273025 1.261875577724425 -1.4413549212190888 -1.0632381168197818 
1560244988.306381 1.2649403960085308 -1.446971325875791 -1.0743195849326925 
1560244988.339738 1.267964904593865 -1.4525937678208647 -1.0852589546826374 
1560244988.373095 1.2700735362716218 -1.4566440185577785 -1.0959848756948254 
1560244988.406451 1.2721959629488684 -1.46083757135409 -1.106403497541101 
1560244988.439808 1.2745513852079366 -1.4655994165009592 -1.1165425270618718 
1560244988.473165 1.2775866363257502 -1.4718919656769032 -1.126202443400643 
1560244988.506521 1.2797873818024084 -1.476566267856935 -1.1354079185727735 
1560244988.539878 1.2817177061020313 -1.4807500417170627 -1.1443053665456304 
1560244988.573234 1.2836652326255906 -1.4850851729500305 -1.152650378524944 
1560244988.606591 1.2862444672864024 -1.4909822776374302 -1.160727649999234 
1560244988.639948 1.2887711337695056 -1.4968288151424283 -1.1686609842297595 
1560244988.673304 1.2905416351377192 -1.5010376932969156 -1.176429109684816 
1560244988.706661 1.2929783362646126 -1.5069845170549798 -1.1840941090748247 
1560244988.740018 1.295190565748699 -1.5124358573731251 -1.1916653564855066 
1560244988.773374 1.296027550218328 -1.5145599345039 -1.1990781463037399 
1560244988.806731 1.2980680644998002 -1.5198902101237184 -1.2062323387749 
1560244988.840087 1.30035727522412 -1.5259227868284018 -1.213248997747078 
1560244988.873444 1.3019717281999577 -1.5302915920175781 -1.2201289533089128 
1560244988.906801 1.3029801660438132 -1.5330712834402096 -1.2270348188334281 
1560244988.940157 1.304111821059733 -1.5362835046639285 -1.233941848351081 
1560244988.973514 1.3063974142990695 -1.5428853929006934 -1.2408217711068563 
1560244989.006871 1.3080920891877852 -1.5478868612072432 -1.2475976508490434 
1560244989.040227 1.3095603951654131 -1.552306641100822 -1.2543104203871445 
1560244989.073584 1.310994792894295 -1.5567377975752796 -1.2609416070425994 
1560244989.106941 1.3123976985623143 -1.5611789685169737 -1.2673118386283697 
1560244989.140297 1.3137797050090867 -1.5656265476823668 -1.2734650029415133 
1560244989.173654 1.3151309941965383 -1.5700837103646363 -1.279220488033485 
1560244989.207011 1.3164554417895344 -1.5745489088412212 -1.2845310373364045 
1560244989.240367 1.317914721175481 -1.5795509455165109 -1.2895641224899048 
1560244989.273742 1.3198387802537095 -1.586270988416905 -1.294220616003835 
1560244989.307099 1.3212649603824391 -1.5913391085460231 -1.2988483379555744 
1560244989.340455 1.3226549760461448 -1.59636719402171 -1.3034239474066798 
1560244989.373812 1.324485418612428 -1.6031093559476932 -1.3078646952322706 
1560244989.407169 1.325775355444475 -1.60794456930473 -1.3122790965273177 
1560244989.440525 1.326973196736225 -1.6125037396189315 -1.3166797918005932 
1560244989.473882 1.3288639999543785 -1.6198583616153772 -1.3210494809958597 
1560244989.507239 1.3301908290976776 -1.6251042800631261 -1.3252343083047078 
1560244989.540596 1.3314515488630578 -1.6301766244203801 -1.3292597501959489 
1560244989.573952 1.3331098429714885 -1.6369630491079354 -1.3329897985588965 
1560244989.607309 1.3347410435975933 -1.6437562377280401 -1.3364815340696143 
1560244989.640666 1.3367378535816095 -1.652232623069501 -1.3406098086984524 
1560244989.674022 1.3398804370169544 -1.6658466673506125 -1.3469324327304277 
1560244989.707379 1.3414348532384524 -1.6726811493335112 -1.3504270545811046 
1560244989.740736 1.3425736290564685 -1.6777922507344079 -1.3528429165660718 
1560244989.774092 1.3440772434190378 -1.6846146215638842 -1.354885007304773 
1560244989.80745 1.345196038658634 -1.6897345244509847 -1.3565542974658793 
1560244989.840806 1.3464297623667765 -1.6954274544375263 -1.3580187730281175 
1560244989.874163 1.3483913484772652 -1.7045335403627477 -1.3592436807629258 
1560244989.90752 1.3499748459214622 -1.711930337207673 -1.360468537463876 
1560244989.940876 1.3514299880869716 -1.7187631853123062 -1.3617472534900135 
1560244989.974233 1.3528749460447058 -1.7255982842048205 -1.3631853719740405 
1560244990.00759 1.353949636922059 -1.7307174220877932 -1.3645431061416848 
1560244990.040946 1.3551415657311512 -1.7364392231761365 -1.3659288958419116 
1560244990.074303 1.357029666916835 -1.7455608172816566 -1.3674735902253143 
1560244990.10766 1.358195172821228 -1.7512365123100655 -1.3692928136375901 
1560244990.141016 1.3592421355886366 -1.7563871027923117 -1.3712006039462799 
1560244990.174373 1.3606208526727044 -1.7632359928127266 -1.3731085078844467 
1560244990.20773 1.3619854669895899 -1.7700876803304433 -1.3748816725713076 
1560244990.241087 1.3633408500769566 -1.7769411524857899 -1.3766302674848774 
1560244990.274441 1.3646826300712869 -1.7837967711330802 -1.378431447880599 
1560244990.307798 1.3660113468969528 -1.7906555167693006 -1.3800706538462943 
1560244990.341154 1.3673315978414198 -1.7975157265997759 -1.3816586783286966 
1560244990.374511 1.3686397725761903 -1.804378375169112 -1.383246795618269 
1560244990.407868 1.3695584236527254 -1.809240662707803 -1.3848077698796946 
1560244990.441224 1.3704401688220964 -1.8139414126034956 -1.386324602451897 
1560244990.474581 1.3718277778984613 -1.8214072888316908 -1.3876284466906237 
1560244990.507938 1.3731199670866159 -1.8284186197153434 -1.3890680500188335 
1560244990.541295 1.3743782443817965 -1.835290671204571 -1.3906343919073685 
1560244990.574651 1.375624032658818 -1.8421648140155564 -1.3924355957827994 
1560244990.608008 1.3765418153053186 -1.847284662972056 -1.3943266937406946 
1560244990.641365 1.3775707860320707 -1.853097564194628 -1.3963211934997652 
1560244990.674721 1.3791780238916647 -1.8622726576718742 -1.3985237694464239 
1560244990.708078 1.380156638165885 -1.8679241996987148 -1.4005626030314031 
1560244990.741435 1.3810472066171315 -1.87313387173117 -1.4024563238655647 
1560244990.774791 1.3822122751295005 -1.8800220907937173 -1.4040904418109355 
1560244990.808148 1.3833657940481192 -1.8869124679246725 -1.4054507840975994 
1560244990.841505 1.3845123297628197 -1.8938040614682436 -1.4067199856076995 
1560244990.874862 1.3856493578003748 -1.900697169697587 -1.4079633440983146 
1560244990.908219 1.386776499683107 -1.9075919864798343 -1.4092066500254428 
1560244990.941575 1.3878967055292835 -1.9144876672588544 -1.4105374614274595 
1560244990.974932 1.3890063702569293 -1.921385196222916 -1.41210059911304 
1560244991.008289 1.3903852107525854 -1.9300670573208825 -1.4137738101704997 
1560244991.041645 1.3916378796667652 -1.9379986353907301 -1.415518173079758 
1560244991.075002 1.3923541985827017 -1.9426007478317078 -1.4173655553526248 
1560244991.108359 1.3933328163120091 -1.9489931016708162 -1.4194141353387724 
1560244991.141715 1.3944760825588682 -1.956540366975684 -1.4215500268619712 
1560244991.175072 1.3958515389423216 -1.9657532605316173 -1.4237629250349122 
1560244991.208429 1.3972028373338985 -1.9749697791435155 -1.4260312191845104 
1560244991.241786 1.3985382735404086 -1.9841885234358896 -1.4283351226410517 
1560244991.275148 1.3998507807693894 -1.9934119470424256 -1.430690572401306 
1560244991.308505 1.4008880210648977 -2.000835442368463 -1.4329901352598078 
1560244991.341861 1.4019299396137332 -2.0084076659941585 -1.4352339413335027 
1560244991.375218 1.4031795809100787 -2.0176384535986376 -1.4373758199928368 
1560244991.408575 1.4043194441888676 -2.026214717282376 -1.4393228582603579 
1560244991.441931 1.4054583057257861 -2.0348611810832757 -1.441196824170757 
1560244991.475288 1.4067862620315434 -2.0451255374800295 -1.4429477859803066 
1560244991.508645 1.4079925521144785 -2.0545860916233223 -1.4445871501546046 
1560244991.542002 1.4091594990632366 -2.063827788252984 -1.4461552983687587 
1560244991.575358 1.4103112070633874 -2.0730710362560147 -1.4476220122680588 
1560244991.608715 1.411225184168189 -2.080495871323514 -1.448896230821571 
1560244991.642072 1.412152261105665 -2.088098005632215 -1.4500672043633445 
1560244991.675429 1.413269653429791 -2.0973458785782855 -1.45111174748552 
1560244991.708785 1.414377141335481 -2.106594516686939 -1.4519317866037782 
1560244991.742142 1.4154799778399298 -2.115843955017269 -1.4525474424112323 
1560244991.775499 1.4165778058672356 -2.1250940547882853 -1.4528102880789098 
1560244991.808856 1.417673925759241 -2.134344340345334 -1.4529043629628835 
1560244991.842212 1.4187699166876069 -2.1435943810748226 -1.4528708017671264 
1560244991.875569 1.4198667903527866 -2.1528446399061933 -1.4526361891388782 
1560244991.908926 1.420965739819509 -2.162094706345141 -1.4524862497241857 
1560244991.942283 1.4220671053874958 -2.171344445473231 -1.4521591328157948 
1560244991.975639 1.4231729290199988 -2.1805932823622416 -1.4513560686666005 
1560244992.008996 1.4242916319147112 -2.1898408333055386 -1.4499872716021782 
1560244992.042353 1.4254208588079165 -2.1990871533452636 -1.4483257272311458 
1560244992.07571 1.4265671999497376 -2.2083315269835535 -1.4463145005698903 
1560244992.109066 1.4279724116470522 -2.2194161969675257 -1.4440370712405228 
1560244992.142423 1.429364385432262 -2.2302743293866887 -1.441756026237508 
1560244992.17578 1.4305718849133786 -2.2395107500539644 -1.4396243916085698 
1560244992.209136 1.4318030111185234 -2.248743750619047 -1.437492841286835 
1560244992.242493 1.4330488043687077 -2.257975059075726 -1.4353826258599327 
1560244992.275846 1.4343146838817766 -2.267202564492517 -1.4333222616306587 
1560244992.309203 1.435343561548533 -2.274577974638696 -1.4313472182790201 
1560244992.34256 1.436319940863996 -2.2814957132841287 -1.429425575084346 
1560244992.375916 1.4373099707595076 -2.2884112100624567 -1.427578245628161 
1560244992.409273 1.4387563319509042 -2.298345162488567 -1.425845140516945 
1560244992.44263 1.4402319420822232 -2.3084278860668976 -1.4241266621554725 
1560244992.475987 1.4413484608252687 -2.315939059278704 -1.422350398062529 
1560244992.509344 1.4424068719373468 -2.3229636427583995 -1.4206313802369053 
1560244992.542701 1.44356527278117 -2.330578433445147 -1.418980728796128 
1560244992.576057 1.4449802146922897 -2.339785099087577 -1.4174530973251689 
1560244992.609414 1.4464117333413433 -2.3489895216018573 -1.4159987823219757 
1560244992.642771 1.4477404095471427 -2.357480157571889 -1.4146058530442902 
1560244992.676127 1.4488310409209642 -2.3643805442433012 -1.4133110762224692 
1560244992.709484 1.4499326026539363 -2.371279474610511 -1.4120162581323554 
1560244992.742841 1.451040693291471 -2.3781773236223933 -1.4107546927015375 
1560244992.776197 1.4521575685257189 -2.3850735748990726 -1.409566561395456 
1560244992.809554 1.453283274421235 -2.391968521330879 -1.4086093386702752 
1560244992.842911 1.4544140923038529 -2.398862611840737 -1.4076718876843861 
1560244992.876268 1.455551677048669 -2.405755720063409 -1.406661310964137 
1560244992.909625 1.456386490482476 -2.410775429756479 -1.405506012453097 
1560244992.942981 1.4573994678091173 -2.4168198703981454 -1.4043403192952815 
1560244992.976338 1.458947256446807 -2.426005282606359 -1.4032231788667637 
1560244993.009695 1.4598687147936562 -2.4314376499503396 -1.4022221342729435 
1560244993.043051 1.4606520026809564 -2.4360286996622396 -1.4012358297167142 
1560244993.076408 1.4614399773540405 -2.4406191213174506 -1.4002252530031365 
1560244993.109765 1.462234276321857 -2.445208403250189 -1.399012536805253 
1560244993.143122 1.4631616992850913 -2.450531223410443 -1.3977210892256156 
1560244993.176479 1.4643688806454997 -2.4574124514484406 -1.3963572343435608 
1560244993.209835 1.4655865286889544 -2.4642915780094197 -1.3951975854856464 
1560244993.243192 1.466677545044466 -2.470431211136683 -1.3941854250797265 
1560244993.276536 1.467497014951932 -2.475014137160656 -1.3933903611918523 
1560244993.309892 1.4686616641404193 -2.481483861980506 -1.3924488126726728 
1560244993.343249 1.4697688994032905 -2.4876166513821865 -1.3914987737697475 
1560244993.376606 1.4706013308607864 -2.4921991201232268 -1.3905967543249305 
1560244993.409962 1.4713880300718236 -2.496500559903836 -1.3896068796344612 
1560244993.443319 1.472289409201536 -2.5014074104710486 -1.3885690150179832 
1560244993.476676 1.4736696704847436 -2.508874669814188 -1.3874182642108817 
1560244993.510032 1.4746140923098177 -2.5139526044337748 -1.386473332925023 
1560244993.543389 1.4756104859129697 -2.519281954315592 -1.3855713604611515 
1560244993.576746 1.4768997327142817 -2.5261481816973053 -1.3846693410163344 
1560244993.610103 1.4778374852755192 -2.531115680700437 -1.3838545686412758 
1560244993.643459 1.478704609222909 -2.5356916393933893 -1.3830578095917934 
1560244993.676816 1.4795753737183033 -2.5402669505163464 -1.382261086721794 
1560244993.710173 1.4804504982309048 -2.5448415823725146 -1.381523339973247 
1560244993.743529 1.4813282345270722 -2.54941556265415 -1.3807739984401115 
1560244993.776886 1.4822094968707733 -2.553988806013952 -1.379977275570112 
1560244993.810243 1.482725556092155 -2.5566561000306245 -1.3792989288831314 
1560244993.843599 1.4833182448631965 -2.559706680389077 -1.3786680378729363 
1560244993.876956 1.4842087325881363 -2.5642783331700474 -1.3780844530800367 
1560244993.910313 1.4851014795138653 -2.568849454376001 -1.3777977542801443 
1560244993.943669 1.4859952394730436 -2.5734202585158505 -1.3775575468851982 
1560244993.977026 1.4868901765553175 -2.5779909351534824 -1.3772937500054472 
1560244994.010383 1.487787848379969 -2.582561097133384 -1.3766727692507321 
1560244994.04374 1.4886876728970604 -2.587130868784004 -1.3759705183258935 
1560244994.077096 1.489590620874479 -2.5916998459999903 -1.3752448357173683 
1560244994.110453 1.4904984696765542 -2.5962680189205702 -1.374331611739724 
1560244994.14381 1.4914095050025504 -2.600835612393193 -1.3733704695293727 
1560244994.177166 1.492324859170839 -2.605402203802473 -1.372385926993288 
1560244994.210523 1.4932447882747317 -2.609967970182025 -1.3717304079536754 
1560244994.24388 1.4941666982723167 -2.614533324399443 -1.3712219870322875 
1560244994.277237 1.4950907472919894 -2.6190981376740927 -1.3708769896445032 
1560244994.310594 1.4960161452602927 -2.6236628493402345 -1.3707119314420817 
1560244994.343951 1.4969422512918038 -2.628227393808484 -1.3705311213778275 
1560244994.377308 1.4978692428869844 -2.632791729912153 -1.3702572230399301 
1560244994.410664 1.4987274850139303 -2.6370042951289703 -1.3696826557246564 
1560244994.444021 1.4996114172836763 -2.641334588196061 -1.3690043369735587 
1560244994.477378 1.5006507719529159 -2.6464042920083264 -1.3681264260186694 
1560244994.510734 1.501606677237084 -2.651042841431223 -1.3672786075780037 
1560244994.544091 1.5025496099204498 -2.6556038701479423 -1.3664485690344266 
1560244994.577448 1.503496165685959 -2.6601640707319727 -1.3656416664345552 
1560244994.610805 1.5048523051402452 -2.666661629149818 -1.36482583216882 
1560244994.644161 1.5059469203943938 -2.671898346716978 -1.3640584082340008 
1560244994.677518 1.5064255267242392 -2.6741773336011425 -1.3633832058855957 
1560244994.710875 1.5077246310907135 -2.6803405354350947 -1.3629805738744145 
1560244994.744231 1.5088266748203993 -2.685565765884905 -1.3626251413227095 
1560244994.777588 1.5093082237324238 -2.6878442755914174 -1.36226964609329 
1560244994.810945 1.5106163017848362 -2.6940156200648095 -1.3618534653106442 
1560244994.844301 1.5118943895243229 -2.700039743966609 -1.361452237626628 
1560244994.877658 1.5128629748513447 -2.70459533186002 -1.3610968219201458 
1560244994.911015 1.5146673463302636 -2.7130519819944614 -1.3604369018307483 
1560244994.944371 1.516265346663594 -2.720532472604115 -1.3598404211388502 
1560244994.977728 1.5172413235570437 -2.725086448203626 -1.3594494577816925 
1560244995.011085 1.5182186771686468 -2.7296403384220036 -1.359333075142941 
1560244995.044441 1.5191960211031024 -2.7341940464830747 -1.359366937412528 
1560244995.077798 1.5201730365219475 -2.738747884738437 -1.3595877898216442 
1560244995.111155 1.52030909061 -2.73938202858 -1.35961854458 
