#Timestamps x y yaw 
1560051886.003095 -0.0393468141556 -3.71266579628 0.26906353235199987 
1560051886.036419 -0.0393468141556 -3.71266579628 0.26906353235199987 
1560051886.069743 -0.03566489000295724 -3.7116059367646765 0.2813676835371289 
1560051886.103067 -0.031920408684187024 -3.7105111164677127 0.2960118061613522 
1560051886.136391 -0.029699240482615682 -3.7098192598549677 0.3100311387579488 
1560051886.169715 -0.025675362940012 -3.708482466938581 0.3237584193768806 
1560051886.203039 -0.02056684522779264 -3.706725583544673 0.3373541208102194 
1560051886.236363 -0.013994286215126652 -3.70437749783262 0.35080550014425366 
1560051886.269687 -0.011035620593686344 -3.7032801043859553 0.3639521880953786 
1560051886.303011 -0.008171921396029413 -3.702162868837061 0.37651947883630915 
1560051886.336335 -0.003853422394950787 -3.7004308437736038 0.38800270565968425 
1560051886.369659 0.0004417871611044708 -3.6986419439652614 0.3982037721066365 
1560051886.405115 0.004176832965991238 -3.6970605071963822 0.40811841789208614 
1560051886.438444 0.006309729320085408 -3.6961306399631564 0.41637265833180187 
1560051886.471773 0.00843334306098524 -3.6951796898775022 0.4231828867493164 
1560051886.505102 0.01055248141723156 -3.6942188385747894 0.42923142528440783 
1560051886.538431 0.012666390941716775 -3.693246533864735 0.4343615126743337 
1560051886.571759 0.016636969936134362 -3.6913899194092874 0.43829910400596195 
1560051886.605088 0.0192348435521 -3.69017386436 0.4417532359805621 
1560051886.638417 0.0192348435521 -3.69017386436 0.44468218871260284 
1560051886.671746 0.0192348435521 -3.69017386436 0.4470465880992525 
1560051886.705075 0.020037914786646863 -3.6897863298509352 0.4490507780140164 
1560051886.738404 0.022133467202456902 -3.688775088454475 0.4505951341864947 
1560051886.771733 0.0223785769194 -3.68865680695 0.45159682741721285 
1560051886.805062 0.0223785769194 -3.68865680695 0.45226840667473345 
1560051886.83839 0.0223785769194 -3.68865680695 0.4525236929274818 
1560051886.871719 0.0223785769194 -3.68865680695 0.45234027511475466 
1560051886.905048 0.023178992240292896 -3.6882680861160857 0.4521392453658112 
1560051886.938377 0.02527202911973807 -3.6872516050218915 0.4520040006179426 
1560051886.971706 0.0255185514688 -3.68713188171 0.45233857042766795 
1560051887.005035 0.024719222392784974 -3.687520750888094 0.45268160871017893 
1560051887.038363 0.022626933184523638 -3.6885386380251517 0.4529368750973876 
1560051887.071692 0.022379623726 -3.68865895271 0.4528477879033241 
1560051887.105021 0.022379623726 -3.68865895271 0.45253642235010516 
1560051887.13835 0.022379623726 -3.68865895271 0.45193965801444497 
1560051887.171679 0.022379623726 -3.68865895271 0.45131158859711934 
1560051887.205008 0.022379623726 -3.68865895271 0.4508146530227494 
1560051887.238337 0.022379623726 -3.68865895271 0.4505374079142545 
1560051887.271666 0.022379623726 -3.68865895271 0.45041920443683664 
1560051887.304994 0.022379623726 -3.68865895271 0.45033600731096335 
1560051887.338323 0.022379623726 -3.68865895271 0.45027480122202646 
1560051887.371652 0.022379623726 -3.68865895271 0.4501823167975398 
1560051887.406919 0.022379623726 -3.68865895271 0.4500488289817988 
1560051887.440253 0.022379623726 -3.68865895271 0.449881078843557 
1560051887.473586 0.022379623726 -3.68865895271 0.44974665406108516 
1560051887.50692 0.022379623726 -3.68865895271 0.4496766963739619 
1560051887.540253 0.022379623726 -3.68865895271 0.4496864912638423 
1560051887.573587 0.022379623726 -3.68865895271 0.44976293114999094 
1560051887.60692 0.022379623726 -3.68865895271 0.4497658855068523 
1560051887.640254 0.022379623726 -3.68865895271 0.4496691649614968 
1560051887.673588 0.022379623726 -3.68865895271 0.4495391027670526 
1560051887.706921 0.022379623726 -3.68865895271 0.44939129039346093 
1560051887.740255 0.022379623726 -3.68865895271 0.44922353945532334 
1560051887.773588 0.022379623726 -3.68865895271 0.4490912250391487 
1560051887.806922 0.022379623726 -3.68865895271 0.4489767963703199 
1560051887.840255 0.022379623726 -3.68865895271 0.4488823038161884 
1560051887.873589 0.022379623726 -3.68865895271 0.44878782720673416 
1560051887.906922 0.022379623726 -3.68865895271 0.4486363298905338 
1560051887.940256 0.022379623726 -3.68865895271 0.448411835183284 
1560051887.973589 0.022379623726 -3.68865895271 0.44830936275045064 
1560051888.006923 0.022379623726 -3.68865895271 0.4481992946261365 
1560051888.040256 0.022379623726 -3.68865895271 0.448069297825287 
1560051888.07359 0.022379623726 -3.68865895271 0.4479059716814831 
1560051888.106923 0.022379623726 -3.68865895271 0.4477404706349559 
1560051888.140257 0.022379623726 -3.68865895271 0.44757496603675845 
1560051888.173591 0.022379623726 -3.68865895271 0.4474427874773778 
1560051888.206924 0.022379623726 -3.68865895271 0.4473141418655422 
1560051888.240258 0.022379623726 -3.68865895271 0.44718722098550445 
1560051888.273591 0.022379623726 -3.68865895271 0.4470603037360024 
1560051888.306925 0.022379623726 -3.68865895271 0.44696453315948903 
1560051888.340258 0.022379623726 -3.68865895271 0.44690862480261 
1560051888.373592 0.022379623726 -3.68865895271 0.4468527144462624 
1560051888.408716 0.022379623726 -3.68865895271 0.44675882657963273 
1560051888.442054 0.022379623726 -3.68865895271 0.4466318710010235 
1560051888.475392 0.022379623726 -3.68865895271 0.44650493454498236 
1560051888.50873 0.022379623726 -3.68865895271 0.4464304917601204 
1560051888.542069 0.022379623726 -3.68865895271 0.44641008360075846 
1560051888.575407 0.022379623726 -3.68865895271 0.4462838931335334 
1560051888.608745 0.022379623726 -3.68865895271 0.44617447061334925 
1560051888.642083 0.022379623726 -3.68865895271 0.4460830445336835 
1560051888.675421 0.022379623726 -3.68865895271 0.44588577115739686 
1560051888.70876 0.022379623726 -3.68865895271 0.44570667387576324 
1560051888.742098 0.022379623726 -3.68865895271 0.44554695031903835 
1560051888.775436 0.022379623726 -3.68865895271 0.44538722790392027 
1560051888.808774 0.022379623726 -3.68865895271 0.44520995982649786 
1560051888.842112 0.022379623726 -3.68865895271 0.4450147266908079 
1560051888.87545 0.022379623726 -3.68865895271 0.44489010830001696 
1560051888.908788 0.022379623726 -3.68865895271 0.4447834540343921 
1560051888.942127 0.022379623726 -3.68865895271 0.4446947475204227 
1560051888.975465 0.022379623726 -3.68865895271 0.4446413855638408 
1560051889.008803 0.022379623726 -3.68865895271 0.44458820116051884 
1560051889.042141 0.022379623726 -3.68865895271 0.4445350063406867 
1560051889.075479 0.022379623726 -3.68865895271 0.44444647386483194 
1560051889.108817 0.022379623726 -3.68865895271 0.4443049980107448 
1560051889.142155 0.022379623726 -3.68865895271 0.44410976627060644 
1560051889.175494 0.022379623726 -3.68865895271 0.4439852354492586 
1560051889.208832 0.022379623726 -3.68865895271 0.4438976431221232 
1560051889.24217 0.022379623726 -3.68865895271 0.4438472898633881 
1560051889.275508 0.022379623726 -3.68865895271 0.4437615685810003 
1560051889.308846 0.022379623726 -3.68865895271 0.443693336816695 
1560051889.342184 0.022379623726 -3.68865895271 0.4436430034288026 
1560051889.375522 0.022379623726 -3.68865895271 0.443521864067039 
1560051889.410461 0.022379623726 -3.68865895271 0.4434720296310205 
1560051889.443804 0.022379623726 -3.68865895271 0.4434911181526635 
1560051889.477146 0.022379623726 -3.68865895271 0.44347627277507673 
1560051889.510489 0.022379623726 -3.68865895271 0.4434226845266037 
1560051889.543831 0.022379623726 -3.68865895271 0.44336123781183095 
1560051889.577174 0.022379623726 -3.68865895271 0.44380812231073125 
1560051889.610517 0.022379623726 -3.68865895271 0.4447206698345928 
1560051889.643859 0.022379623726 -3.68865895271 0.44603650849502147 
1560051889.677202 0.022379623726 -3.68865895271 0.4476909549289806 
1560051889.710544 0.02352621282103228 -3.6881047838963608 0.4497602347422811 
1560051889.743887 0.025621789047354303 -3.6870914203317042 0.45221520193890197 
1560051889.77723 0.027713227581496296 -3.686069417625364 0.4555159224796992 
1560051889.810572 0.028658637777 -3.68560743332 0.4593419653656595 
1560051889.843915 0.02875913455634916 -3.6855566807388223 0.46367036022545777 
1560051889.877257 0.030836924784267854 -3.6845073613686337 0.46935055651591145 
1560051889.9106 0.03290913539908542 -3.6834470287602623 0.47586895924956296 
1560051889.943943 0.0348750054836 -3.68243026733 0.4831411852585545 
1560051889.977285 0.0348750054836 -3.68243026733 0.4916626310418096 
1560051890.010628 0.035996036331055144 -3.681813778874289 0.500848067804953 
1560051890.04397 0.038034797333774295 -3.6806905454889525 0.5106339533634641 
1560051890.077313 0.04005691938421246 -3.6795373823537165 0.5214997295561066 
1560051890.110656 0.0409659706056 -3.6790189743 0.5327370508283096 
1560051890.143998 0.04106672476310049 -3.6789568300922557 0.5442990071351842 
1560051890.177341 0.043047963469596696 -3.677734820868798 0.5562658656019255 
1560051890.210684 0.04501677472827249 -3.676493087098035 0.5684116499147798 
1560051890.244026 0.04697417996366461 -3.675233478151946 0.5807081377470078 
1560051890.277369 0.0489092582350666 -3.673939598559688 0.5931061212333946 
1560051890.310711 0.05083062731596349 -3.6726258394354407 0.605680140796834 
1560051890.344054 0.05273962031941397 -3.6712939224374943 0.618425765772486 
1560051890.377397 0.05462373658019285 -3.669926906370544 0.631676146894238 
1560051890.410739 0.0554659850895 -3.66931581497 0.645279515748936 
1560051890.444082 0.055563414687093866 -3.669238731837283 0.6592051594396175 
1560051890.477424 0.05738886210203382 -3.6677944971403518 0.6737691709572219 
1560051890.507794 0.0582034513354 -3.6671500206 0.6874310687567942 
1560051890.541127 0.0582034513354 -3.6671500206 0.7028433686185412 
1560051890.574461 0.059898277933689896 -3.6656776080188225 0.718701459801596 
1560051890.607794 0.062419318734291594 -3.6633844261166484 0.742216857646208 
1560051890.641127 0.06582060117449326 -3.6602079186369845 0.7745327151799762 
1560051890.67446 0.0659405142069 -3.6600959301 0.7918491769813374 
1560051890.707793 0.06668318435030755 -3.6593098621468947 0.8088651705150994 
1560051890.741127 0.06828133341082963 -3.657618325504534 0.8261667833164881 
1560051890.77446 0.0683376863599 -3.65755867958 0.8437419193769984 
1560051890.807793 0.06903789585213593 -3.656734497452761 0.8614424512725037 
1560051890.841126 0.07054463089030644 -3.654960993804617 0.8792761526408975 
1560051890.874459 0.0705978050828 -3.65489840508 0.8969728489464202 
1560051890.907793 0.0705978050828 -3.65489840508 0.9145164937711336 
1560051890.941126 0.0705978050828 -3.65489840508 0.9318885372358926 
1560051890.974459 0.07191223317700975 -3.653078482267398 0.9489522580852474 
1560051891.007792 0.0726416036487 -3.65206861496 0.9659718292874655 
1560051891.041126 0.0726416036487 -3.65206861496 0.9829538748631602 
1560051891.074459 0.0726416036487 -3.65206861496 1.0003122560123967 
1560051891.107792 0.07320497875408091 -3.6511455848517262 1.0177832703728702 
1560051891.141125 0.07441734345836919 -3.6491592544058506 1.0353684221463773 
1560051891.174458 0.0744601637125 -3.64908909798 1.0529018208298404 
1560051891.207792 0.0744601637125 -3.64908909798 1.0702688985077655 
1560051891.241125 0.0744601637125 -3.64908909798 1.0874454832369287 
1560051891.274458 0.07547645615474126 -3.6470875335880724 1.1046904834296283 
1560051891.307791 0.0760404393077 -3.64597678185 1.121954586182124 
1560051891.341124 0.0760404393077 -3.64597678185 1.1392376637829176 
1560051891.374458 0.07695195690373256 -3.6439252168002234 1.156349965440439 
1560051891.407791 0.0774577856064 -3.64278674126 1.173339869030021 
1560051891.441124 0.0774577856064 -3.64278674126 1.1901968152979334 
1560051891.474457 0.0774577856064 -3.64278674126 1.2069168431777084 
1560051891.50779 0.07782072654353239 -3.6417682615626736 1.2236813330325704 
1560051891.541124 0.0786018820429673 -3.639576194106973 1.240503316832449 
1560051891.574457 0.0786294937134 -3.63949871063 1.2573246990500724 
1560051891.603105 0.07841248036014525 -3.64022095414734 1.2717704452132792 
1560051891.636423 0.07774316347504398 -3.642448511917683 1.288548859619874 
1560051891.669741 0.0776250585914 -3.64284157753 1.305117944914464 
1560051891.703059 0.07780521984093539 -3.642112578510768 1.3215621284092076 
1560051891.736377 0.07836326607680674 -3.6398545171369423 1.3378381070781828 
1560051891.769696 0.078462511301 -3.63945293427 1.3540561631909513 
1560051891.803014 0.078462511301 -3.63945293427 1.3702497354193566 
1560051891.836332 0.078462511301 -3.63945293427 1.3864192692106252 
1560051891.86965 0.0787842370486636 -3.6375709513195877 1.402617832470567 
1560051891.902968 0.0790507271886 -3.63601207733 1.4187319416458146 
1560051891.936286 0.0790507271886 -3.63601207733 1.4346529222026154 
1560051891.969605 0.07881934135111644 -3.6379041083463948 1.4501672558241896 
1560051892.002923 0.07870009076726084 -3.6387391462184677 1.4655009634292164 
1560051892.036241 0.07892943877902463 -3.6364243671931704 1.4806413181841367 
1560051892.069559 0.0789711624384 -3.63600325584 1.4956073827270058 
1560051892.102877 0.07901133111582989 -3.6352661136539686 1.5102642612592012 
1560051892.136196 0.07913789691004514 -3.632943483380979 1.5243402523332183 
1560051892.169514 0.079161092639 -3.63251781464 1.5375239158012168 
1560051892.202832 0.079161092639 -3.63251781464 1.5502270327397658 
1560051892.23615 0.079161092639 -3.63251781464 1.5623233021458762 
1560051892.269468 0.079161092639 -3.63251781464 1.5741302528027579 
1560051892.302787 0.07914660659602547 -3.631785988248315 1.5857044823870312 
1560051892.336105 0.07910057315593277 -3.6294604058640063 1.5969135257527136 
1560051892.369423 0.07916111685857345 -3.6309199415906117 1.6080069404386679 
1560051892.402741 0.07918049459596017 -3.631788430555981 1.6192074619096655 
1560051892.436059 0.0790562664633553 -3.629465718957562 1.6307004358879922 
1560051892.469378 0.07916758471545501 -3.630915934582709 1.642828211760844 
1560051892.502696 0.0792161322633467 -3.6317896866288533 1.655345533046619 
1560051892.536014 0.07900643981558385 -3.629473160003911 1.668400124153211 
1560051892.569332 0.07917430690422825 -3.6309115117438515 1.6817712969292495 
1560051892.606004 0.0792264580460167 -3.631556952289368 1.6964675355371968 
1560051892.639331 0.07892450740821552 -3.629249966384984 1.7096675885973744 
1560051892.672658 0.078897587955 -3.62904429436 1.721236773957833 
1560051892.705986 0.078897587955 -3.62904429436 1.7318159647536338 
1560051892.739313 0.078897587955 -3.62904429436 1.7412021217227387 
1560051892.772641 0.078897587955 -3.62904429436 1.749134364476206 
1560051892.805968 0.07871945244737126 -3.628106988563261 1.7563990097905395 
1560051892.839295 0.07828502843287549 -3.625821154860313 1.762909599407605 
1560051892.872623 0.0782458260655 -3.62561488152 1.7683223350064972 
1560051892.90595 0.0782458260655 -3.62561488152 1.7731026392805402 
1560051892.939278 0.0782458260655 -3.62561488152 1.777128370669929 
1560051892.972605 0.0782458260655 -3.62561488152 1.779895202821671 
1560051893.005932 0.07804585560087354 -3.6246846593736266 1.782042747109003 
1560051893.03926 0.07755687994466035 -3.6224100435432507 1.783476916783065 
1560051893.072587 0.0775122419 -3.62220239639 1.7838142725909516 
1560051893.105915 0.0775122419 -3.62220239639 1.7838529490732722 
1560051893.139242 0.0775122419 -3.62220239639 1.7836186288670846 
1560051893.172569 0.07706581596743134 -3.620136995432851 1.7836933748836394 
1560051893.205897 0.0767747536302 -3.61879038811 1.7843930680174112 
1560051893.239224 0.0767747536302 -3.61879038811 1.7859544875856834 
1560051893.272552 0.0767747536302 -3.61879038811 1.7895137792058786 
1560051893.305879 0.0767747536302 -3.61879038811 1.7940572251664866 
1560051893.339206 0.0767747536302 -3.61879038811 1.7997366892075557 
1560051893.372534 0.0767747536302 -3.61879038811 1.807090874638636 
1560051893.405861 0.07700683525913343 -3.619708063155425 1.815323997629617 
1560051893.439188 0.07757729189488985 -3.621963708384807 1.8245890039995143 
1560051893.472516 0.0776306018233 -3.62217450142 1.8355278301412539 
1560051893.505843 0.0776306018233 -3.62217450142 1.8472733927776193 
1560051893.539171 0.0776306018233 -3.62217450142 1.8599467630410211 
1560051893.572498 0.0782553056486448 -3.6241878369242966 1.8738419832287305 
1560051893.60884 0.0786650255322 -3.62550830841 1.8895728521445687 
1560051893.642176 0.0786650255322 -3.62550830841 1.9044863922895099 
1560051893.675513 0.07945073171551777 -3.6276897258611496 1.9204553933070485 
1560051893.708849 0.0798479393125 -3.62879252434 1.9370447534805102 
1560051893.742186 0.0798479393125 -3.62879252434 1.9542607038194357 
1560051893.775522 0.07895083632190684 -3.6266539195931915 1.972466852014331 
1560051893.808858 0.07945124382191457 -3.627679362777095 1.9911526156132744 
1560051893.842195 0.081371393720563 -3.6319195660947914 2.0103216760292133 
1560051893.875531 0.0813775733113 -3.63193321228 2.0304457218552274 
1560051893.908868 0.0813775733113 -3.63193321228 2.050855841326745 
1560051893.942204 0.0813775733113 -3.63193321228 2.071550990821392 
1560051893.975541 0.08252378487179221 -3.6339508457644176 2.0926365579689024 
1560051894.008877 0.0831017866731 -3.63496828079 2.113757774645595 
1560051894.042213 0.0831017866731 -3.63496828079 2.1349146375119896 
1560051894.07555 0.08437379810947049 -3.636909890573398 2.1560013906514692 
1560051894.108886 0.0850147157907 -3.63788819313 2.1769459672640763 
1560051894.142223 0.0850147157907 -3.63788819313 2.1977484715200215 
1560051894.175559 0.0850147157907 -3.63788819313 2.21780351856065 
1560051894.208895 0.0857353936535312 -3.6387950584685664 2.2374325279135507 
1560051894.242232 0.08718335616248651 -3.6406171027946637 2.2566342554075156 
1560051894.275568 0.0871864110231 -3.64062094688 2.2749493876662386 
1560051894.308905 0.0871864110231 -3.64062094688 2.2927857143240904 
1560051894.342241 0.0871864110231 -3.64062094688 2.3101404205707228 
1560051894.375577 0.0887728384775233 -3.642317880283879 2.3266443940076225 
1560051894.408914 0.0895702466369 -3.64317083359 2.342563329286055 
1560051894.44225 0.0895702466369 -3.64317083359 2.3578936642727015 
1560051894.475587 0.0895702466369 -3.64317083359 2.3725864859249857 
1560051894.508923 0.0895702466369 -3.64317083359 2.3869238826394406 
1560051894.542259 0.0895702466369 -3.64317083359 2.4009050533196623 
1560051894.575596 0.0895702466369 -3.64317083359 2.4141419948803935 
1560051894.608932 0.09044978767635677 -3.643928671625477 2.427182581369579 
1560051894.642269 0.0922129679751674 -3.645447878841398 2.440027727157684 
1560051894.675605 0.09042511326558392 -3.6439652603568966 2.4522862486201413 
1560051894.705302 0.09023655701592621 -3.6437880080103247 2.4628599052310824 
1560051894.738628 0.09205346491438493 -3.645241244313518 2.4742267716092994 
1560051894.771954 0.0922537967563 -3.64540147781 2.484867256556556 
1560051894.805279 0.09297883125693011 -3.64594463877821 2.4950993503602823 
1560051894.838605 0.09484082503703553 -3.647339554942232 2.5048330937769965 
1560051894.871931 0.0950474068522 -3.6474943161 2.513651829521351 
1560051894.905257 0.09578510156401723 -3.648017530400217 2.5219284563093454 
1560051894.938582 0.09768276201646595 -3.649363457204046 2.529532068753664 
1560051894.971908 0.09619622486692347 -3.648335933771806 2.536126896774179 
1560051895.005234 0.09577257713036434 -3.648032572276857 2.542098979853473 
1560051895.038559 0.09769586524680829 -3.6493416393232843 2.5472888474913256 
1560051895.071885 0.0979119092226 -3.64948868752 2.5516280170520034 
1560051895.105211 0.0979119092226 -3.64948868752 2.555515770343623 
1560051895.138537 0.0979119092226 -3.64948868752 2.5588598824109132 
1560051895.171862 0.09963755074777736 -3.6506203805083755 2.561478834352962 
1560051895.205188 0.100830838084 -3.65140295029 2.5637172913438233 
1560051895.238514 0.100830838084 -3.65140295029 2.565498518872227 
1560051895.271839 0.10256145358040619 -3.6525240452331023 2.5669336489162595 
1560051895.305165 0.10451531272292557 -3.6537871416514425 2.5685162964465 
1560051895.338491 0.1064710636844218 -3.6550473017281564 2.5704041529068813 
1560051895.371816 0.106694735587 -3.65519142151 2.573014895286451 
1560051895.405142 0.10745215944706878 -3.6556708107222176 2.5760336616275126 
1560051895.438468 0.10941806633860059 -3.656915073816779 2.5795543064454565 
1560051895.471793 0.109644263983 -3.65705823898 2.5841743861095696 
1560051895.505119 0.11040718923600205 -3.6575257663709944 2.589524609419742 
1560051895.538445 0.11239094816859452 -3.658741431515735 2.59581412716556 
1560051895.571771 0.112620562315 -3.65888214111 2.6032651589772677 
1560051895.605096 0.11339255898139468 -3.659331324991153 2.6113586741940176 
1560051895.638422 0.11540349657167406 -3.6605013828306205 2.6202397039910865 
1560051895.671748 0.11742910702291341 -3.6616458816206015 2.6303590883742367 
1560051895.708761 0.11969000635213743 -3.66289686608704 2.642322813081731 
1560051895.742099 0.12173658116808464 -3.6640051941654503 2.653710041573062 
1560051895.775436 0.12380225426943045 -3.6650774602073946 2.665908631041343 
1560051895.808773 0.1258777028550539 -3.6661304279919715 2.678270152449061 
1560051895.84211 0.12796301127725485 -3.6671638449737967 2.6907932396610366 
1560051895.875448 0.127975046635 -3.66716980934 2.7029990921722398 
1560051895.908785 0.12902391952647782 -3.6676431142014083 2.714798896684927 
1560051895.942122 0.13114528747930687 -3.668600383450207 2.726185663705371 
1560051895.97546 0.131156772375 -3.66860556602 2.7362661305547284 
1560051896.008797 0.13222003489289205 -3.6690477477913306 2.7454078057514915 
1560051896.042134 0.13436899843634595 -3.669941442895013 2.7535985801448657 
1560051896.075472 0.13652738489461438 -3.6708122295090737 2.7596345794529205 
1560051896.108809 0.1376170367 -3.67125177383 2.7648680769476304 
1560051896.142146 0.1376170367 -3.67125177383 2.7692947449354266 
1560051896.175484 0.1376170367 -3.67125177383 2.772253029282016 
1560051896.208821 0.13654027398060462 -3.6708388779306893 2.7748524157726586 
1560051896.242158 0.13436721314059163 -3.670005595078644 2.7770934729331094 
1560051896.275495 0.134357795119 -3.67000198364 2.7793345461277847 
1560051896.308833 0.134357795119 -3.67000198364 2.782051053183413 
1560051896.34217 0.134357795119 -3.67000198364 2.785250837714806 
1560051896.375507 0.13218237959734844 -3.669201135597337 2.790042343362841 
1560051896.408845 0.131082043052 -3.66879606247 2.7952103158910346 
1560051896.442182 0.131082043052 -3.66879606247 2.8007538378608823 
1560051896.475519 0.1332707366583143 -3.6695623467778407 2.806155747073158 
1560051896.508857 0.13328307004805587 -3.669575599738135 2.8110107658784536 
1560051896.542194 0.13108090908560371 -3.6688225930845424 2.815311503688503 
1560051896.575531 0.131073743105 -3.66882014275 2.817629946424328 
1560051896.608869 0.12887970387192843 -3.6680873711102047 2.8191126782847626 
1560051896.642206 0.12446469170020705 -3.6666128324328544 2.81975584166137 
1560051896.675543 0.124451935291 -3.66660857201 2.8194359371348234 
1560051896.713166 0.124451935291 -3.66660857201 2.818871790151588 
1560051896.746522 0.12417261375042898 -3.6665149924208222 2.8183146238548327 
1560051896.779877 0.12196460364491281 -3.6657752547043843 2.8183472289364664 
1560051896.813232 0.11975623488232333 -3.665036614795431 2.818981728334545 
1560051896.846587 0.117831356823 -3.66439342499 2.8201059089389906 
1560051896.879942 0.117831356823 -3.66439342499 2.82212806014073 
1560051896.913298 0.11504546691509807 -3.6634809812444122 2.8247094026925463 
1560051896.946653 0.111196875572 -3.66222047806 2.827689346145617 
1560051896.980008 0.111196875572 -3.66222047806 2.8311327607756542 
1560051897.013363 0.10979496905444487 -3.6617772055212225 2.8349126969909877 
1560051897.046719 0.10757402010156183 -3.661076969637351 2.8389268626448136 
1560051897.080074 0.1053494291188488 -3.6603887638603765 2.8431874719272585 
1560051897.113429 0.10312209611202468 -3.6597095239665336 2.8474255153926706 
1560051897.146784 0.10089847319086111 -3.659039177294489 2.851677517722638 
1560051897.180139 0.09870897647922042 -3.6583926912941127 2.8561035922781723 
1560051897.213495 0.09646266337015458 -3.6577392507428548 2.860486777829429 
1560051897.24685 0.09387947767503604 -3.6569990517107174 2.8648127489462816 
1560051897.280205 0.08939627409791352 -3.6557377917582756 2.8689547075512105 
1560051897.31356 0.08633934390606543 -3.654886854966611 2.872802202518427 
1560051897.346915 0.084093660159377 -3.6542709657189785 2.876383871541318 
1560051897.380271 0.0818452866860567 -3.653664652933073 2.8793534045298372 
1560051897.413626 0.07959539243986676 -3.653064256704474 2.8820502425789174 
1560051897.446981 0.07702827767167938 -3.652385828398776 2.8845783225160844 
1560051897.480336 0.07252226047854625 -3.6512087054540894 2.8870147968250857 
1560051897.513692 0.06801339569722664 -3.650042054146244 2.8894284943374204 
1560051897.547047 0.0638236301045522 -3.648964975722236 2.8918091386597746 
1560051897.580402 0.061566491199785495 -3.648392398697136 2.894067955036069 
1560051897.613757 0.05785517237697847 -3.6474608387854532 2.896166768780824 
1560051897.647113 0.05334941624979591 -3.646335137617442 2.8981369440191345 
1560051897.680468 0.04891697292762483 -3.6452392612010627 2.8998699506292747 
1560051897.716744 0.04396728670604403 -3.644023967059634 2.9016049396443147 
1560051897.750112 0.03937043588242929 -3.64290164861893 2.9030422317064812 
1560051897.783479 0.034842803162993485 -3.6418034988847023 2.9042072059727895 
1560051897.816847 0.028647861980280964 -3.6403091348020196 2.9051892907819425 
1560051897.850214 0.022390519741480177 -3.638803093627459 2.906054991940695 
1560051897.883582 0.01785969841269444 -3.6377174744858536 2.9067579474399947 
1560051897.91695 0.013328082971296264 -3.636635392791372 2.907460895440659 
1560051897.950317 0.008251547890859615 -3.6354269103144716 2.9082406753893877 
1560051897.983685 0.0014515137456250164 -3.633814472323344 2.9092636045270543 
1560051898.017053 -0.00535052064483177 -3.6322106612826595 2.9104709909167608 
1560051898.05042 -0.011601996094621345 -3.630741917634584 2.911785812279608 
1560051898.083788 -0.016139327229163326 -3.6296838323681997 2.913235150422479 
1560051898.117156 -0.022369131236694713 -3.628243301905391 2.914764020349136 
1560051898.150523 -0.029179378978798562 -3.626675694322288 2.916319173797224 
1560051898.183891 -0.035992590384081515 -3.625119907512995 2.9178716192768084 
1560051898.217258 -0.042808244315213705 -3.623575951471144 2.919397597435618 
1560051898.250626 -0.049625906014468896 -3.62203971958378 2.9209058368699754 
1560051898.283994 -0.05644610333429383 -3.620514963030535 2.922387315345084 
1560051898.317361 -0.06326850130904818 -3.6190008737323685 2.9237086460946617 
1560051898.350729 -0.07009250548987869 -3.6174933318185056 2.924940994137268 
1560051898.384096 -0.07691833265609975 -3.615994871339679 2.926066987430422 
1560051898.417464 -0.08374643005265266 -3.614505721165755 2.927327034649533 
1560051898.450832 -0.09057586597488397 -3.613022968826076 2.9286126018304115 
1560051898.484199 -0.09740727088776632 -3.6115499547832184 2.929845204964286 
1560051898.517567 -0.10424066694467582 -3.61008558305264 2.930889538894615 
1560051898.550934 -0.11107503296586083 -3.608626453121229 2.9318458397013716 
1560051898.584302 -0.11791104935685842 -3.607174250991132 2.932723016251102 
1560051898.61767 -0.12648119729865653 -3.6053622947905755 2.9334650834935228 
1560051898.651037 -0.135598459691606 -3.603439620882008 2.934189461113714 
1560051898.684405 -0.14471760509315695 -3.6015244024511555 2.9349842202754597 
1560051898.720341 -0.1526242072683181 -3.5998703764720985 2.935750563792408 
1560051898.753721 -0.15946800992719204 -3.598442734996047 2.936317330724592 
1560051898.787101 -0.16631252599436605 -3.597018654014781 2.9366501521546255 
1560051898.820482 -0.1750838007575983 -3.5951962562659965 2.936772826614919 
1560051898.853862 -0.18421037785052286 -3.593300124113358 2.9367704990120744 
1560051898.887242 -0.1933368834107403 -3.5914034717204686 2.936605441227746 
1560051898.920622 -0.1985917168460721 -3.590310714074131 2.9365007465401205 
1560051898.954002 -0.2047539611369004 -3.5890284956578142 2.9364068380607993 
1560051898.987383 -0.21388009075108277 -3.5871289239644533 2.936312925936871 
1560051899.020763 -0.22300555250603463 -3.585227370884225 2.936097827120366 
1560051899.054143 -0.2321306721711397 -3.5833241673427603 2.9358365423900548 
1560051899.087523 -0.24125529755322056 -3.5814186015115923 2.935529347101749 
1560051899.120903 -0.24842465068659647 -3.5799178081370746 2.9350698166220757 
1560051899.154284 -0.25526703624700753 -3.5784826163970056 2.9345472805881694 
1560051899.187664 -0.26210846564552487 -3.577043898769389 2.9339577231036924 
1560051899.221044 -0.27091183888781595 -3.5751841553322397 2.9332150775120245 
1560051899.254424 -0.27837539270650763 -3.573604078589135 2.932292820031048 
1560051899.287804 -0.28293392740336537 -3.572633634901319 2.9310989052977727 
1560051899.321185 -0.2914336061261512 -3.5708071963431784 2.9295972644778883 
1560051899.354565 -0.3005448544461428 -3.5688390486744543 2.9279432792016498 
1560051899.387945 -0.3096529959357632 -3.5668562860991426 2.926109339215701 
1560051899.421325 -0.3167771859309195 -3.5652856585338215 2.923780660940046 
1560051899.454705 -0.32360129384652486 -3.5637669097586433 2.921205958191753 
1560051899.488086 -0.3304218409973873 -3.5622312077553318 2.918340683340987 
1560051899.521466 -0.33723598760265233 -3.5606681542132845 2.9151339515984667 
1560051899.554846 -0.3440460070977207 -3.559087323081025 2.911610536465792 
1560051899.588227 -0.3508508558025001 -3.5574834949883463 2.907642987937479 
1560051899.621607 -0.35764639232014267 -3.555841564785285 2.903144975039187 
1560051899.654987 -0.3643854238371343 -3.5541879259892366 2.8983363664272446 
1560051899.688367 -0.3710342889890259 -3.5525238517772846 2.893141440080816 
1560051899.72168 -0.3778878604883078 -3.550755376621629 2.8871409305902223 
1560051899.755058 -0.384733099628968 -3.54895214357714 2.8804565658836663 
1560051899.788436 -0.39148175035398447 -3.5471286667742645 2.8729154858060952 
1560051899.821814 -0.40019223119937797 -3.5446695318785593 2.8641168525766427 
1560051899.855192 -0.40742090734540215 -3.5425930847401315 2.8546318394815025 
1560051899.888571 -0.41188595488569446 -3.5412572213050204 2.844317216568349 
1560051899.921949 -0.42027591153114 -3.538603035343642 2.8325503324696775 
1560051899.955327 -0.4282260695578069 -3.5360247674004524 2.8198929031570095 
1560051899.988705 -0.4347168316721587 -3.5338244786385076 2.806129746671855 
1560051900.022084 -0.44139158295967124 -3.5314193774971234 2.7908332313267614 
1560051900.055462 -0.4471635241744254 -3.5292733391586295 2.7747177424499374 
1560051900.08884 -0.45150368302967336 -3.5275754261380956 2.7577191947760094 
1560051900.122218 -0.4596520139564555 -3.524154471648854 2.7400832715070433 
1560051900.155596 -0.47059015669945603 -3.519280206211309 2.7152480282007234 
1560051900.188974 -0.48507710472952276 -3.5125116309673436 2.6796478626854463 
1560051900.222353 -0.4924619589518646 -3.508765438157838 2.658784165599174 
1560051900.255731 -0.4987005310534156 -3.5054277070204027 2.6401168726092528 
1560051900.289109 -0.5048085894591174 -3.502027607955521 2.6214496714343234 
1560051900.322487 -0.5108280292462609 -3.4984733331996525 2.6025896116795506 
1560051900.355865 -0.5175958074408599 -3.4943273891913487 2.5836369942778044 
1560051900.389244 -0.5254709635413206 -3.489340621960655 2.5645780604581505 
1560051900.422622 -0.5314573656303789 -3.48533340547267 2.545196909308473 
1560051900.456 -0.5371589669051705 -3.481387804347001 2.5256079658848574 
1560051900.489378 -0.5427249516025484 -3.477388868084263 2.505767605920958 
1560051900.522756 -0.5482775461938032 -3.4731687736878722 2.485487789858294 
1560051900.556134 -0.554471349334196 -3.4682882934308488 2.4650128953211725 
1560051900.589513 -0.5616950471896361 -3.4623973155241807 2.444318392260508 
1560051900.622891 -0.5671940621866108 -3.45766533994277 2.423670993058578 
1560051900.656269 -0.5724156708309462 -3.453018530244533 2.4028635182675355 
1560051900.689647 -0.5775481285609636 -3.4482722701612833 2.381795095611374 
1560051900.723026 -0.5825450243229309 -3.443383681851687 2.3606943139232746 
1560051900.756404 -0.5874628248205218 -3.4384165621964544 2.3394927532742056 
1560051900.789782 -0.5922843614345663 -3.4333546550211405 2.318139921348369 
1560051900.817884 -0.5973664085163718 -3.4277017986826217 2.300240826890492 
1560051900.851243 -0.6035195891301254 -3.420708734552518 2.27899823179072 
1560051900.884603 -0.6095019002858616 -3.4135675022267584 2.257728198640892 
1560051900.917962 -0.6131866876592263 -3.408995829487603 2.236064548930708 
1560051900.951321 -0.6166936251244558 -3.4044054605286855 2.2142705453057325 
1560051900.98468 -0.6221998608313787 -3.396891382663873 2.1925034525208384 
1560051901.018039 -0.627521882476548 -3.3892468480976548 2.170683634466499 
1560051901.051399 -0.6324151995338521 -3.381993123657482 2.1490086664664663 
1560051901.084758 -0.6361706477811058 -3.37610154450807 2.127845556784456 
1560051901.118117 -0.6397897712176773 -3.370126093156805 2.1075808527461417 
1560051901.151476 -0.6435957011657727 -3.363598025243736 2.087825815835541 
1560051901.184835 -0.6481219953701225 -3.3554559449359753 2.0686874891043576 
1560051901.218194 -0.651676286344664 -3.3487640506000083 2.0504241640879264 
1560051901.251554 -0.6551126622892844 -3.342027417834794 2.0328183957352435 
1560051901.284913 -0.6591959507173709 -3.3336543700677153 2.016309789461123 
1560051901.318272 -0.661677748966987 -3.3283803584951905 2.0012905136897454 
1560051901.351631 -0.6638322626760284 -3.32360492789256 1.9873572810905438 
1560051901.38499 -0.6666202827707886 -3.317198633615197 1.9751837472048641 
1560051901.418349 -0.6693293387365856 -3.3107586367103785 1.964904473504495 
1560051901.451708 -0.6722092887069264 -3.303754129883664 1.9557463079995607 
1560051901.485067 -0.6756743326401559 -3.2951070688847253 1.948050072173805 
1560051901.518426 -0.6784369014309732 -3.288068244386416 1.9416651584258087 
1560051901.551786 -0.6809562287789593 -3.2815514138599067 1.9360714104982426 
1560051901.585145 -0.6834372599609778 -3.2750200612016878 1.9315377196098686 
1560051901.618504 -0.6858879089657869 -3.2684773158118836 1.9276493637345236 
1560051901.651863 -0.6883197056159265 -3.26192752756788 1.9240245831226739 
1560051901.685222 -0.6907253609019068 -3.2553680666650164 1.9205582666482826 
1560051901.718581 -0.6931042740074393 -3.24879879532305 1.9169035249456887 
1560051901.751941 -0.695665451783367 -3.2416539731727423 1.9130044067199508 
1560051901.7853 -0.6987724175175021 -3.232871801210605 1.9085787233404854 
1560051901.818894 -0.7018509487412968 -3.2240101097785483 1.9032767621177369 
1560051901.85225 -0.7050704197542729 -3.214606516232297 1.8976165127814404 
1560051901.885605 -0.7087762478498096 -3.2035690332948 1.8915925540232357 
1560051901.918961 -0.71129390276129 -3.195911599445402 1.8851857516461161 
1560051901.952316 -0.7136258813627376 -3.1886624086596975 1.8786067225240342 
1560051901.985672 -0.716419341882381 -3.1797763953171714 1.8718719107699893 
1560051902.019027 -0.7196662756483745 -3.169151126448928 1.8653291393300118 
1560051902.052383 -0.7228403547829674 -3.1586092332478324 1.8588817544561769 
1560051902.085738 -0.725459695875491 -3.1496706696366976 1.8525379190785527 
1560051902.119094 -0.7285029654488577 -3.138980103908559 1.846165823942957 
1560051902.15245 -0.7316402344670905 -3.127767307280927 1.8396782451940021 
1560051902.185805 -0.7346971198386518 -3.1165327097849977 1.8329072037359244 
1560051902.219161 -0.7372081961961522 -3.1070204674201074 1.8259706800421032 
1560051902.252516 -0.7396907021092023 -3.0973772687792915 1.8189766358144055 
1560051902.285872 -0.7425133092229884 -3.086081273441388 1.8119567202657043 
1560051902.319227 -0.7452404947617942 -3.0747622371435765 1.8046055838546808 
1560051902.352583 -0.7479058771361742 -3.0634281415301245 1.797238358412487 
1560051902.385939 -0.7504816205918136 -3.0520731914079313 1.7900763625145535 
1560051902.419294 -0.7525824805472832 -3.042471794854849 1.7833020480152246 
1560051902.45265 -0.7547877519973225 -3.032083437119348 1.7767967060066705 
1560051902.486005 -0.7576065009933713 -3.018399005190859 1.7707007487705209 
1560051902.519361 -0.7599786867877085 -3.0064800061655075 1.7648266654973195 
1560051902.552716 -0.7620760764203092 -2.9956962862370076 1.7589647890681976 
1560051902.586072 -0.7637929022956944 -2.9865411540007534 1.7529752235336666 
1560051902.619427 -0.7657638927322061 -2.9755786551932846 1.746825652176628 
1560051902.652783 -0.7677731926225259 -2.9641100183270934 1.740419478504419 
1560051902.686139 -0.7697016532586757 -2.9526273709014594 1.7334791197370527 
1560051902.719494 -0.7715335347353728 -2.941129397463041 1.7262321495297535 
1560051902.75285 -0.7733984628928892 -2.9289616407854817 1.7188501916323498 
1560051902.786205 -0.7754114290074304 -2.9151356550952703 1.711341639152876 
1560051902.82175 -0.7771617810584587 -2.9023520339794273 1.7035825281481303 
1560051902.855115 -0.778567731393295 -2.891622006620773 1.696444107277302 
1560051902.88848 -0.7797098429837299 -2.88237517844646 1.6894663881515863 
1560051902.921845 -0.7809946275928216 -2.8711385091463164 1.6827015032542791 
1560051902.95521 -0.7823477210593526 -2.858734269913668 1.6760486633871343 
1560051902.988575 -0.7837804683997178 -2.8448319034861345 1.669532928451059 
1560051903.02194 -0.7849095172530142 -2.8329087663234245 1.6628342097174373 
1560051903.055305 -0.7859482408682559 -2.8213087449961294 1.656322628817274 
1560051903.08867 -0.7869154308376411 -2.8097023062683046 1.6501978745708072 
1560051903.122035 -0.7877942124016648 -2.7980890647981984 1.6444593711170128 
1560051903.1554 -0.7885665603959965 -2.7873148438738076 1.6386671220152955 
1560051903.188765 -0.7891768561931536 -2.7780175378822523 1.6326709180813679 
1560051903.22213 -0.789939665147389 -2.7646970186522895 1.626398417217501 
1560051903.255495 -0.790597365676125 -2.7524412862803422 1.6199265564601555 
1560051903.28886 -0.791030865016905 -2.7431341162808294 1.6131840288632961 
1560051903.322225 -0.7914536759634238 -2.7318055294815875 1.6061333996650198 
1560051903.355589 -0.7918286774771779 -2.7201655646658836 1.5989703030505886 
1560051903.388954 -0.7921245167950037 -2.7085229073535295 1.5916947559051504 
1560051903.422319 -0.7923112592486324 -2.6968778496170276 1.5845736592694146 
1560051903.455684 -0.7924375197241416 -2.6852320188625156 1.5776867472833367 
1560051903.489049 -0.7924889875785184 -2.673585487704702 1.5711574891082847 
1560051903.522414 -0.7924376280946224 -2.659906702435724 1.5653414632923437 
1560051903.555779 -0.7923405313759122 -2.646802334362298 1.5599087291938407 
1560051903.589144 -0.7921920143979821 -2.635156757791712 1.5549432346726808 
1560051903.622509 -0.7919728194702655 -2.623512204707456 1.550567352467289 
1560051903.655874 -0.7917383461845046 -2.6127458652763935 1.5462887754868706 
1560051903.689239 -0.7914952460860117 -2.603431854108457 1.5420322964047266 
1560051903.722604 -0.7910609374478699 -2.590030297573536 1.5371828403143766 
1560051903.755969 -0.7905952208425943 -2.576947001672964 1.5320892225653415 
1560051903.789334 -0.7901215097537605 -2.565310016334039 1.526730997291335 
1560051903.824599 -0.7895354611909776 -2.5530142474637736 1.5213344067643406 
1560051903.857974 -0.7889341640069525 -2.5413798206902904 1.5165403306552114 
1560051903.891348 -0.788286471417414 -2.529748248443286 1.5121049890975056 
1560051903.924722 -0.787570041337051 -2.518120586026719 1.5081382331070992 
1560051903.958097 -0.7868908842307777 -2.507525141713418 1.5044841473367196 
1560051903.991471 -0.7862639517115485 -2.4982264251203463 1.5011863661191196 
1560051904.024845 -0.7854413445644748 -2.486733942936413 1.4986613980423504 
1560051904.05822 -0.7845880521452588 -2.4751151702419674 1.4961812434753976 
1560051904.091594 -0.7837109115659415 -2.4634985777447658 1.493701203786236 
1560051904.124968 -0.7827909304834416 -2.4518852086726337 1.4910030648602357 
1560051904.158343 -0.7819329601961219 -2.44131997930252 1.4880367158878858 
1560051904.191717 -0.7811534576520793 -2.432032946286421 1.4847579753378994 
1560051904.225091 -0.7799350498167057 -2.4183286558326826 1.4812422919084876 
1560051904.258466 -0.7787615087323196 -2.4054605535257667 1.477795420804598 
1560051904.29184 -0.7776682160801828 -2.3938621030040337 1.4744456007633313 
1560051904.325214 -0.7767472598747117 -2.3844855193792958 1.4722175005024343 
1560051904.358589 -0.7756056336954579 -2.3730880964854237 1.470171019446383 
1560051904.391963 -0.774193629892317 -2.3591797933798073 1.4682787728204998 
1560051904.425337 -0.7727427057515688 -2.345275703705083 1.466284172900656 
1560051904.458712 -0.7713840376568526 -2.3324431617307595 1.4640718524130558 
1560051904.492086 -0.7701349159615072 -2.3208605488265266 1.4616108475430296 
1560051904.52546 -0.7685871177154493 -2.3070522790849624 1.458327616998763 
1560051904.558835 -0.7669931293580218 -2.29316342625 1.4547485159715994 
1560051904.592209 -0.7653591581339912 -2.2792795644026826 1.4508654969441255 
1560051904.625583 -0.7639228852082702 -2.267641949688871 1.4469099475945681 
1560051904.658957 -0.762321139012984 -2.2550004484916353 1.443001954732189 
1560051904.692332 -0.7605244752432883 -2.2411362421433543 1.4391504945377367 
1560051904.725706 -0.7586513015884164 -2.2272826298159836 1.4354026681518917 
1560051904.759081 -0.7567359188808028 -2.213434518354202 1.4313553671731227 
1560051904.792455 -0.7547761082525275 -2.19959282864413 1.4269708180392997 
1560051904.825829 -0.7523845776377054 -2.183519254390393 1.4217546243748749 
1560051904.859203 -0.7502648073434118 -2.1695902471332356 1.4163982318666686 
1560051904.892578 -0.7484559905533201 -2.1580815190097837 1.4109114663853404 
1560051904.922554 -0.7457467475338662 -2.1417141853680435 1.4059211331829773 
1560051904.955921 -0.7430973442361001 -2.1259425283528643 1.4004183259320604 
1560051904.989289 -0.7410993388114758 -2.114467551495787 1.395003675149578 
1560051905.022657 -0.7386506675301507 -2.1009913134883322 1.3894953506954988 
1560051905.056026 -0.7360980632232869 -2.087248851795464 1.3840824061252948 
1560051905.089393 -0.7334771097885466 -2.0735200708240153 1.3788456702041882 
1560051905.122761 -0.7311658798583927 -2.0618257024499798 1.3740017334548897 
1560051905.156129 -0.7286855498397464 -2.0495304401534984 1.369414925257476 
1560051905.189497 -0.7258685169279322 -2.0358401510625925 1.36515630054405 
1560051905.222866 -0.7229791912746953 -2.0221644135896546 1.3614013833136316 
1560051905.256233 -0.720246632689213 -2.0093791707113433 1.3580696659829166 
1560051905.289602 -0.7177760744573598 -1.9979961533090098 1.3553037482126398 
1560051905.322969 -0.7152594170828223 -1.9866240531384016 1.3520324238158627 
1560051905.356337 -0.7125151835238124 -1.9743699628357398 1.3488923146888105 
1560051905.389706 -0.7094250236500604 -1.960738397436673 1.346055385307392 
1560051905.423074 -0.7072149749600408 -1.9511700194375132 1.3425524898207808 
1560051905.456441 -0.7050885262235047 -1.9420981389826668 1.338437463202 
1560051905.48981 -0.7029268524111608 -1.9330339226934705 1.3335033478522977 
1560051905.523177 -0.7002046576023505 -1.921960132812401 1.3283468242849386 
1560051905.556545 -0.6976112017160065 -1.9115553629033017 1.3233051160180547 
1560051905.589914 -0.6953130857198285 -1.9025247997079633 1.318477608557068 
1560051905.623281 -0.6929635226551188 -1.8935081501793958 1.3146896735028937 
1560051905.656649 -0.6903529946284204 -1.8835963031711853 1.3116445933376732 
1560051905.690017 -0.687359886225872 -1.8723398671043134 1.3095378898932561 
1560051905.723386 -0.684883988135083 -1.863118658796491 1.3079118127682376 
1560051905.756754 -0.6824568147931619 -1.8541222299733555 1.3064386071920104 
1560051905.790122 -0.6800179903981329 -1.8451289183322088 1.3051139227143655 
1560051905.823489 -0.6764508611674818 -1.8320748396566378 1.3036927729075714 
1560051905.856858 -0.6732548903668886 -1.8204202788567152 1.3021025486640663 
1560051905.890226 -0.670775601579699 -1.8114382120428019 1.3002802640513482 
1560051905.925942 -0.6668746655518242 -1.797440405753541 1.2984687940330453 
1560051905.959322 -0.6631025617422259 -1.7839766209596426 1.2967709811886279 
1560051905.992702 -0.6593126392901786 -1.7705178858112578 1.295054666758066 
1560051906.026081 -0.6561139177887398 -1.759270496090296 1.2932336013051628 
1560051906.059461 -0.6526007165928107 -1.7469829429458337 1.2915310726436013 
1560051906.092841 -0.6487409467174337 -1.7335441202741728 1.289956986551511 
1560051906.12622 -0.6448523964318298 -1.720113967818528 1.2886172094766357 
1560051906.1596 -0.6409514119508893 -1.7066869760909744 1.2874022175685311 
1560051906.19298 -0.6370379349151712 -1.693263576363392 1.286314618895642 
1560051906.22636 -0.6324590559172604 -1.6776303406613717 1.2857199339134189 
1560051906.259739 -0.6285132224381825 -1.6641801998725434 1.2850250528007858 
1560051906.293119 -0.6252263123826441 -1.6530015541525587 1.2842218883186993 
1560051906.326499 -0.6212635252687957 -1.6396059968498844 1.2828175221133156 
1560051906.359878 -0.617278474748002 -1.6262041432040515 1.2809508185859038 
1560051906.393258 -0.6132744101098996 -1.6128075476713117 1.278618692173736 
1560051906.426638 -0.6092247743850059 -1.5994248131999238 1.276393151280403 
1560051906.460018 -0.604811590088305 -1.5849327341915542 1.2742211392219056 
1560051906.493397 -0.6000380070221509 -1.5693415751565216 1.27210242742952 
1560051906.526777 -0.595902330696091 -1.5559850262160302 1.269983575750962 
1560051906.560157 -0.5917482898594828 -1.5426341433533723 1.268170008942224 
1560051906.593536 -0.5875712660011554 -1.5292738064839881 1.2666547279456477 
1560051906.626916 -0.5826668289850475 -1.5137161103238783 1.2649854557866849 
1560051906.660296 -0.5777491111539216 -1.498162509004503 1.263877363279037 
1560051906.693676 -0.5728265861680802 -1.4826376828848211 1.2633346810703099 
1560051906.727055 -0.5686108889256922 -1.469306583875929 1.2649366667144741 
1560051906.760435 -0.5640484987587325 -1.4548302240973954 1.266100688027345 
1560051906.793815 -0.5591575663466117 -1.439268241697355 1.266833496731896 
1560051906.827195 -0.5542719276248604 -1.4237045025363138 1.2665509725616753 
1560051906.860574 -0.550103509679229 -1.4104437246123673 1.2659372962811652 
1560051906.893954 -0.5465758607973725 -1.3992433061345426 1.2650043494869958 
1560051906.926857 -0.5417189034539696 -1.383915029914016 1.2635693215365975 
1560051906.960232 -0.5374945852487931 -1.3706239159309308 1.2621857938531944 
1560051906.993608 -0.5339392026271682 -1.3594844231982768 1.2608771404685126 
1560051907.026983 -0.5289559453127197 -1.343954210852683 1.260097013291716 
1560051907.060359 -0.5247021819572231 -1.3306905839290935 1.2603524334179736 
1560051907.093734 -0.5211468289210389 -1.3195962222956523 1.2615925471971596 
1560051907.12711 -0.5176079639736169 -1.3084963333670685 1.2623696691269264 
1560051907.160485 -0.5137118814471576 -1.2962515971483493 1.2630552515486593 
1560051907.193861 -0.5094790550967594 -1.2829272729359857 1.2636450874975798 
1560051907.227236 -0.5052525306958119 -1.2696013734367018 1.2636756432763963 
1560051907.260612 -0.5017565516743873 -1.2585788803610896 1.2636693049950511 
1560051907.293987 -0.4989100734153782 -1.2496037681161043 1.263644771015193 
1560051907.327363 -0.4946903313411143 -1.2362752597470419 1.2643864063768204 
1560051907.360738 -0.4908458064802803 -1.224105222542179 1.2652765483166282 
1560051907.394113 -0.4873445400018338 -1.2129937607495183 1.2662955622770795 
1560051907.427489 -0.4838575209318828 -1.201877426518688 1.2670371180636226 
1560051907.460864 -0.48001144824302805 -1.189589124318916 1.267778652661193 
1560051907.49424 -0.4758811837757596 -1.176369743797867 1.2685202106834037 
1560051907.527615 -0.47311141001890533 -1.167470771630704 1.269261824853784 
1560051907.560991 -0.4696129815648632 -1.1562116111192446 1.2697584754578122 
1560051907.594366 -0.465512686792405 -1.1430017569352724 1.2700374429949501 
1560051907.627741 -0.46275337006191236 -1.1340995647519247 1.2703039294762928 
1560051907.661117 -0.4592613430427754 -1.1228200268156505 1.270665352398698 
1560051907.694492 -0.45517879364781166 -1.109623071823269 1.2711122173112743 
1560051907.727868 -0.4524305253583883 -1.1007171610988538 1.2716276220581721 
1560051907.761243 -0.44968667717320726 -1.0918101360789907 1.2722385695170824 
1560051907.794619 -0.4469467941598372 -1.0829015847876724 1.2729233270338984 
1560051907.827994 -0.4442144989735494 -1.0739909950503235 1.2734031482146433 
1560051907.86137 -0.4411155589855309 -1.0638732877671142 1.273748280356157 
1560051907.894745 -0.4377062280982497 -1.0527333397748098 1.273970056230813 
1560051907.928121 -0.43429876374401116 -1.0415923374148695 1.2739877217926039 
1560051907.961496 -0.4308926980712901 -1.0304512630039568 1.2741410709019083 
1560051907.994872 -0.42748826280702823 -1.0193093461249367 1.274459480497384 
1560051908.020852 -0.42484836001536386 -1.0106333047784013 1.2755248690639005 
1560051908.054196 -0.42168887407647265 -1.0002235252797018 1.2770894924512266 
1560051908.087541 -0.41900053824478506 -0.9913083310805886 1.2790607267281853 
1560051908.120884 -0.4157840266318478 -0.9805419197548868 1.2810662703269922 
1560051908.154229 -0.412250961846081 -0.9686534114543889 1.2829627474730336 
1560051908.187573 -0.40829539775322726 -0.9552581231846587 1.2846203694324994 
1560051908.220917 -0.40544881540401667 -0.9455556769681606 1.2860721147580243 
1560051908.254261 -0.4024121400204784 -0.9351481096510309 1.287527834995484 
1560051908.287606 -0.39851704233788343 -0.9217347096026903 1.289078973407923 
1560051908.32095 -0.3951821232159361 -0.9101689623055498 1.2906594666146236 
1560051908.354294 -0.39197167445659337 -0.8989812332918456 1.2922811834904 
1560051908.387638 -0.3887796882189705 -0.8877882641587868 1.2939744126755561 
1560051908.420982 -0.38561278950887706 -0.8765882035094734 1.2958444317007998 
1560051908.454326 -0.3822558393654937 -0.8646420481961832 1.2978681002001367 
1560051908.48767 -0.37850373165313617 -0.8511883285734745 1.3001295923019622 
1560051908.521014 -0.37581792342862175 -0.8414542360498068 1.3026271515738828 
1560051908.554359 -0.3729555146144355 -0.8309829645560624 1.305078575976664 
1560051908.587703 -0.3693004744967244 -0.8175025732067436 1.307340068078489 
1560051908.621047 -0.36618232610915114 -0.8058835861325816 1.3093988062581177 
1560051908.654391 -0.36298532203760225 -0.7938889807363126 1.3113575946619405 
1560051908.687735 -0.35941258267913356 -0.7803865285706653 1.313197904029908 
1560051908.721079 -0.3568574057699396 -0.7706267115259852 1.315748276992816 
1560051908.754424 -0.3541331734465812 -0.7601092428036965 1.3185358150539401 
1560051908.787768 -0.3506638664893626 -0.7465799374060245 1.3215126128222983 
1560051908.821112 -0.3481934280533301 -0.7368030736016526 1.3246079822959957 
1560051908.854456 -0.3457493785576487 -0.7270135008309004 1.3277150262019217 
1560051908.8878 -0.3429623355636692 -0.7157128913243832 1.330798358469448 
1560051908.921144 -0.33975893244046557 -0.7025130851636319 1.3335555139764037 
1560051908.954489 -0.3366716933728927 -0.6896930382907318 1.336188699705931 
1560051908.987833 -0.33397780925982484 -0.6783697973420622 1.3387037918332299 
1560051909.023656 -0.33112063868354746 -0.6661960517322532 1.3411795626319618 
1560051909.057009 -0.328482613030136 -0.654856442878863 1.343461286617621 
1560051909.090362 -0.3258674573618863 -0.6435115176030883 1.3457639484112751 
1560051909.123716 -0.32281872511328147 -0.630087361093092 1.3481201073959834 
1560051909.157069 -0.3197473494699938 -0.6164583923823955 1.3504080276392276 
1560051909.190422 -0.3167032030669932 -0.6028231706808038 1.3525916479309636 
1560051909.223775 -0.31369689390102384 -0.5891796187919867 1.3544831180735775 
1560051909.257128 -0.3107055758268003 -0.5755326840623948 1.355919887192633 
1560051909.290482 -0.30773032798885347 -0.5618818439619901 1.3567534400809227 
1560051909.323835 -0.30475782532284934 -0.5482309093870739 1.3563185751429918 
1560051909.357188 -0.3017744936357794 -0.5345822672792315 1.3551453462161926 
1560051909.390541 -0.2987756680751592 -0.5209370513582146 1.3531012138188458 
1560051909.423895 -0.2952530145828732 -0.5052200036602785 1.349329853628663 
1560051909.457248 -0.2916360724644795 -0.489327069797816 1.3447342081233342 
1560051909.490601 -0.2879535988218269 -0.4734491046540965 1.3392082810388775 
1560051909.523954 -0.2841321733133741 -0.4576041751483812 1.3321478783921095 
1560051909.557307 -0.27997530871322107 -0.44083490599615816 1.3241167753157201 
1560051909.590661 -0.27537184150561067 -0.42278423545235 1.3149312324075801 
1560051909.624014 -0.2716440745219771 -0.4089378546198861 1.3044766082686785 
1560051909.657367 -0.2673515178996335 -0.39359282234661214 1.2934033254819968 
1560051909.69072 -0.2621811646729164 -0.3756968373936788 1.2816314173507672 
1560051909.724073 -0.25670408204658607 -0.35789273883196554 1.2686468336730634 
1560051909.757427 -0.2513579707195849 -0.3410808306820084 1.2550936297207484 
1560051909.79078 -0.24622562807161374 -0.325610525022316 1.2409059027786067 
1560051909.824133 -0.24077892775995305 -0.3102485124053797 1.2257330028308324 
1560051909.857486 -0.23479583165224086 -0.2940284762261422 1.2098448519124434 
1560051909.89084 -0.22812242050480774 -0.27663651229534036 1.1930986458488497 
1560051909.924193 -0.222679197341645 -0.26339764495021356 1.1749709469168572 
1560051909.957546 -0.2171783350004306 -0.25055674654242555 1.1561260912995928 
1560051909.990899 -0.21146865698393125 -0.23780580756314784 1.1364670675457145 
1560051910.024252 -0.205402108472507 -0.2252213369435827 1.1156872457573799 
1560051910.057606 -0.19913561382368292 -0.21273616597856806 1.094316826608458 
1560051910.090959 -0.19264020823401773 -0.200366992770303 1.072277370465473 
1560051910.119314 -0.187692367860732 -0.1916069787035781 1.0526344625201352 
1560051910.152653 -0.1814927498589353 -0.18099688504327874 1.0291340123424613 
1560051910.185993 -0.17415674067003523 -0.16911344222002653 1.004840692401792 
1560051910.219333 -0.16749205293165192 -0.1589585730039864 0.9798818848122208 
1560051910.252673 -0.16052950053440332 -0.14883089304713912 0.9546263997805245 
1560051910.286012 -0.15232306565893236 -0.13753148933633297 0.9290907648210989 
1560051910.319352 -0.13789138575323703 -0.11955760076699284 0.8834633171222918 
1560051910.352692 -0.12405565223267628 -0.10288990263953149 0.8396150259149266 
1560051910.386031 -0.11618399739210057 -0.09431856623246017 0.8146477192692803 
1560051910.419371 -0.10806980754950113 -0.08597781271638415 0.7903738441249203 
1560051910.452711 -0.09980664582296583 -0.07778468189614622 0.7665439662190175 
1560051910.48605 -0.09133699731847077 -0.06980375762268325 0.7433523553437189 
1560051910.51939 -0.08402503679542618 -0.06325541526678594 0.7208266998838229 
1560051910.55273 -0.07697828722857539 -0.05717221677083103 0.6985687735719692 
1560051910.586069 -0.06978772959342623 -0.051258473175062054 0.676519853772046 
1560051910.619409 -0.06100519058652123 -0.0444183067898028 0.6551100289212051 
1560051910.652749 -0.052254770253006885 -0.03779019407172505 0.6340283407801768 
1560051910.686088 -0.044701267313334236 -0.032347672542111836 0.613328903070668 
1560051910.719428 -0.037019539576817515 -0.027088519660805915 0.5930185190164445 
1560051910.752768 -0.029817988284244354 -0.02229904164852789 0.5730375520588281 
1560051910.786108 -0.02391668815690725 -0.018566353062559153 0.5536160594497437 
1560051910.819447 -0.014793839229507362 -0.01310528006132986 0.5346963811167523 
1560051910.852787 -0.0058962699228483845 -0.007890898448099691 0.5162677450889697 
1560051910.886127 0.00020427396448165994 -0.004493662330297139 0.49872857070895965 
1560051910.919466 0.007990856403239089 -0.0003752341653435582 0.48146852568563797 
1560051910.952806 0.01567519412447511 0.003588309109766767 0.4643957582439436 
1560051910.986146 0.021942607754339996 0.006666919490673411 0.4476022837987289 
1560051911.019485 0.028268920429554464 0.00962125865428815 0.4309208420634166 
1560051911.052825 0.03524239891654392 0.012759248107682471 0.4142875941694385 
1560051911.086165 0.04379367225571337 0.016441252662901737 0.3976998168032992 
1560051911.119504 0.050716564310679876 0.019274764624354297 0.3813358422284352 
1560051911.152844 0.057213767512166315 0.021831796421358216 0.3650525449432764 
1560051911.186184 0.06375493613912542 0.02427545278935221 0.3488199035559499 
1560051911.213942 0.07059826878613885 0.02668222443975605 0.3353049683726601 
1560051911.247255 0.0791351936626207 0.029614788383995286 0.3189759717620459 
1560051911.280567 0.08578339062737002 0.03173080213793132 0.3018344456931236 
1560051911.31388 0.09384441530118032 0.03413895117915335 0.28436351142102895 
1560051911.347192 0.1025244658308118 0.036630844906108545 0.2665860187266288 
1560051911.380505 0.10927620480631772 0.038389578846221385 0.24802455188188383 
1560051911.413817 0.11745272033066137 0.0403499783092846 0.228829987176413 
1560051911.44713 0.12652525720072072 0.0424048414843163 0.2091333618907408 
1560051911.480442 0.13564946616430598 0.044217354459022834 0.18862071435093344 
1560051911.513755 0.14480594326829155 0.04585454104631772 0.16775889602046629 
1560051911.547067 0.15398716738269255 0.04734842857470465 0.14666755376063104 
1560051911.58038 0.16320757247834916 0.048583591905220276 0.1254883690047605 
1560051911.613692 0.17244880899954218 0.049639419835523724 0.10437500881543481 
1560051911.647005 0.18170646669142151 0.050549307609900514 0.08333786335379413 
1560051911.680317 0.19098607833062406 0.05120059781961923 0.06258523855995932 
1560051911.71363 0.20027550296475122 0.051678986096649095 0.04235154494706603 
1560051911.746942 0.20957145994709533 0.05201714278635678 0.02253568841090555 
1560051911.780255 0.2188737318907199 0.052112730223571574 0.003414638966754098 
1560051911.813567 0.22817507910118162 0.05204983152631953 -0.015144491988476356 
1560051911.84688 0.23722601889990746 0.05186926028105392 -0.03326669929002447 
1560051911.880192 0.2441959549317956 0.0515588025938632 -0.05075484854382528 
1560051911.913505 0.25256695420559977 0.05104298162612403 -0.06749035140220438 
1560051911.946817 0.26160053995948224 0.050393853939003336 -0.08360174876694729 
1560051911.98013 0.26854730831032875 0.04974414132315086 -0.09857103133162848 
1560051912.013442 0.276881167709685 0.04884275964988835 -0.11283194339397054 
1560051912.046755 0.28588139894050707 0.04779010053947478 -0.12651336705477653 
1560051912.080067 0.2927949984089789 0.04685309820771484 -0.13918376906850918 
1560051912.11338 0.29969775575769586 0.045839582666537475 -0.15134130294226233 
1560051912.146692 0.30659106720973556 0.04476377426838589 -0.16305902313110895 
1560051912.180005 0.31346746541606807 0.043582815706326994 -0.17388464787629834 
1560051912.217435 0.3211796138105578 0.042177871582725346 -0.18550826578885693 
1560051912.250759 0.3280345141852387 0.04086629986362126 -0.19544905702307644 
1560051912.284084 0.3348744106101546 0.03947678171902013 -0.20489420499742939 
1560051912.317408 0.34661724777148 0.03687553129320371 -0.220554906411216 
1560051912.350732 0.3582064158778605 0.034247012004646936 -0.23635226317081812 
1560051912.384056 0.3627253112677759 0.03313845669965436 -0.2443416673595231 
1560051912.417381 0.36886316902901367 0.03157450974739933 -0.25158751471308444 
1560051912.450705 0.3756188669814406 0.029821966840640722 -0.2581769369436381 
1560051912.484029 0.3823619265554369 0.02802115610550084 -0.26346863102501045 
1560051912.517353 0.3874769054733514 0.026631898194657607 -0.2675552377834509 
1560051912.550678 0.3924590925084114 0.025258718672619494 -0.27083946371393974 
1560051912.584002 0.399181971607322 0.023384003898030654 -0.27293505513292926 
1560051912.617326 0.40428771411706843 0.021954198485003726 -0.2736743792625542 
1560051912.65065 0.4087676224282096 0.020697309940209723 -0.27359124038913135 
1560051912.683975 0.41324837236019396 0.019442792323272597 -0.2724565924670644 
1560051912.717299 0.4193454871558945 0.017748357183142466 -0.27063182398821445 
1560051912.750623 0.4255793818597896 0.016022897602928618 -0.26845301821055895 
1560051912.783947 0.4300672733024748 0.014794670616049822 -0.2659695286566142 
1560051912.817271 0.4345583934879462 0.013578391582761407 -0.2635115690246636 
1560051912.850596 0.4390517802864303 0.012370015204819883 -0.2611645089671507 
1560051912.88392 0.4435481713750112 0.011173357573118005 -0.2591779929561844 
1560051912.917244 0.4496630119650923 0.00955907952081774 -0.25762500093309637 
1560051912.950568 0.4559220351802657 0.007911945112115445 -0.25637347201197275 
1560051912.983893 0.46042350247257263 0.006733920216021617 -0.25559380007172317 
1560051913.017217 0.4649255964181376 0.005558848027192846 -0.25506885894710885 
1560051913.050541 0.469428125678106 0.004385469463980131 -0.25466727009676376 
1560051913.083865 0.4739311524769388 0.0032140553074134336 -0.2543490502176352 
1560051913.11719 0.4784349049908979 0.0020449268215717927 -0.2538018027184882 
1560051913.150514 0.48293901406337225 0.0008776794863347871 -0.25316409413224056 
1560051913.183838 0.487444027129981 -0.0002861950014127362 -0.2525263831626873 
1560051913.220867 0.4924504088293648 -0.0015774932974765505 -0.2522875790943242 
1560051913.254203 0.49769450039099533 -0.002929726227457966 -0.2523339234681316 
1560051913.287539 0.5044550731775549 -0.004673667158907462 -0.25261923361205574 
1560051913.320875 0.5093508793505365 -0.005939978479279659 -0.2533744742779472 
1560051913.35421 0.5145929561509629 -0.007301146518857641 -0.2544370534717081 
1560051913.387546 0.5213489352531357 -0.009062754019243674 -0.2559296946317234 
1560051913.420882 0.5279917917564158 -0.010809209882108409 -0.25762798736240616 
1560051913.454218 0.5353724937772193 -0.012761057342674437 -0.2594220111635309 
1560051913.487554 0.5445517752615257 -0.015205514595071253 -0.2613407735675935 
1560051913.52089 0.5535737791431303 -0.01762937214777188 -0.26306241051042883 
1560051913.554225 0.5625609586603806 -0.02005551008172178 -0.26462658059002 
1560051913.587561 0.571544681442633 -0.022495338765030546 -0.2659520537483326 
1560051913.620897 0.5805246829348318 -0.024948964627119288 -0.26713057075389535 
1560051913.654233 0.5895024914860475 -0.027410433526475 -0.26826685474160483 
1560051913.687569 0.5984775510447465 -0.029882138301406833 -0.26937926426977205 
1560051913.720905 0.6074494171998484 -0.03236546592952189 -0.2703740793505668 
1560051913.75424 0.6171548763621452 -0.035059678694200756 -0.27126287452585374 
1560051913.787576 0.6283648885630752 -0.03818105939498099 -0.2719846839553902 
1560051913.820912 0.6377156327658422 -0.04079383410923051 -0.27276530931586307 
1560051913.854248 0.6481507571297311 -0.043719543738501385 -0.27370971400125765 
1560051913.887583 0.6615922531266121 -0.047500991472427145 -0.2749641307042874 
1560051913.920919 0.6713185384446452 -0.05025148053484486 -0.2761009104697084 
1560051913.954255 0.6817450396896371 -0.053211405493770965 -0.2770966601542146 
1560051913.987591 0.6951749035021026 -0.05703566966067742 -0.2778539768778484 
1560051914.020927 0.7067470893829965 -0.06034173986863642 -0.2785459088439066 
1560051914.054263 0.7179343443311834 -0.06354394955757722 -0.27916594719047466 
1560051914.087598 0.7291192788012124 -0.06675268287009764 -0.2796667903594096 
1560051914.120934 0.7421571382155328 -0.0704991379133753 -0.2799027464282738 
1560051914.15427 0.7548413661267793 -0.07414577494670618 -0.28004896568111604 
1560051914.187606 0.7660244354105196 -0.07736249646269654 -0.2801236964507651 
1560051914.224232 0.7783110054256329 -0.08089698429448544 -0.28010698770148496 
1560051914.25758 0.7904558148252593 -0.08439112451205293 -0.28013603509330665 
1560051914.290927 0.8038794830048956 -0.08825365404582164 -0.28024632876595484 
1560051914.324274 0.8152250603746105 -0.0915191944720646 -0.2802576373373377 
1560051914.357621 0.8264116955656362 -0.09473702483928821 -0.28003257623664585 
1560051914.390968 0.8375991061710998 -0.09795235442565857 -0.27950348734432784 
1560051914.424315 0.850871808213297 -0.10175016774397415 -0.2784128092606082 
1560051914.457663 0.8633406097059965 -0.10530727110956349 -0.2771880338608681 
1560051914.49101 0.8745379318288005 -0.10848784427124462 -0.2758419501720346 
1560051914.524357 0.8857418865781888 -0.11164531645343607 -0.27424872875124806 
1560051914.557704 0.8969499360689003 -0.1147878160472841 -0.2724531908913806 
1560051914.591052 0.9081632420639548 -0.1179130062532974 -0.2704154180972981 
1560051914.624399 0.9172920213976874 -0.12042944152193454 -0.2683446051543845 
1560051914.657746 0.9262735861083344 -0.12288903633389123 -0.2661636859525302 
1560051914.691093 0.9352597079266548 -0.1253318404318713 -0.26384183420159496 
1560051914.72444 0.9484530809854712 -0.12887132178117078 -0.26151994729089834 
1560051914.757788 0.9590177422072802 -0.13169244222712861 -0.25912085496867165 
1560051914.791135 0.9657702120098088 -0.1334766921626619 -0.2566213507191765 
1560051914.824482 0.9746350275072857 -0.1357870299962097 -0.2543543756104618 
1560051914.857829 0.9836500065087257 -0.13812121521540147 -0.2521809153481431 
1560051914.891176 0.9926691595090567 -0.14043888188845616 -0.25010770630905316 
1560051914.924524 0.999582259286353 -0.14219580550253097 -0.24830046545112883 
1560051914.957871 1.00635346136198 -0.1439072416621285 -0.2466510788424074 
1560051914.991218 1.0131270399605012 -0.1456093720145845 -0.24518171174211417 
