#Timestamps x y yaw 
1560000122.942086 19.2181491852 22.0353050232 -2.4409399032599994 
1560000122.97543 19.216455861027036 22.03385985859036 -2.4373089728353468 
1560000123.008775 19.21291458126289 22.03083755945256 -2.429715541735079 
1560000123.042119 19.21112244800584 22.029275581714955 -2.422052770578988 
1560000123.075463 19.20937692740285 22.027735643809205 -2.41457575344581 
1560000123.108807 19.207640681478527 22.026185106305427 -2.407302282240443 
1560000123.142152 19.204237055627267 22.023078100164064 -2.400028603006154 
1560000123.175496 19.200816016287394 22.019920550159192 -2.3924822151945424 
1560000123.20884 19.197413523635472 22.01674319439858 -2.3846404236127845 
1560000123.242185 19.194049538226572 22.01352327619397 -2.375962506722626 
1560000123.275529 19.19150593988326 22.01106705728351 -2.3668090715718444 
1560000123.308873 19.189846012448648 22.009435113319572 -2.357160187002472 
1560000123.342217 19.185002129366485 22.004524319273454 -2.3468838758630435 
1560000123.375562 19.180911111939494 22.000327203590164 -2.336681081154461 
1560000123.408906 19.177693015078777 21.996962829663072 -2.3265704696456524 
1560000123.44225 19.17452367822888 21.99355222630578 -2.317227793365388 
1560000123.475595 19.171376614096502 21.99012103519646 -2.3085847586118944 
1560000123.508939 19.16825264338865 21.986668894962854 -2.30067625387698 
1560000123.542283 19.163644833276038 21.981472680421657 -2.29458454540494 
1560000123.575627 19.16051412859214 21.977927804560835 -2.2894859955131786 
1560000123.608972 19.15898389887179 21.976173700805578 -2.2854134919866063 
1560000123.642316 19.15296262950581 21.96921219468665 -2.2832644683929932 
1560000123.674929 19.148418635077604 21.9639520706896 -2.2821624963854132 
1560000123.708269 19.14538027058589 21.960425329537696 -2.2821389678197526 
1560000123.741608 19.142338302958272 21.95690234908759 -2.283279084152339 
1560000123.774947 19.139292656718595 21.953381866519045 -2.284556316253918 
1560000123.808287 19.136242831380226 21.949864011266254 -2.2859411697121423 
1560000123.841626 19.133188189022388 21.946352386995045 -2.2871206178798946 
1560000123.874966 19.129420500051737 21.942027723494782 -2.2879626273512863 
1560000123.908305 19.12483063141638 21.936765081123202 -2.2884241259859226 
1560000123.941644 19.120238330456672 21.93150491652147 -2.288406116957456 
1560000123.974984 19.116355259795785 21.92706174342393 -2.289377497443342 
1560000124.008323 19.113288988525277 21.923559250150397 -2.2915080536417967 
1560000124.041663 19.111690687699664 21.921757934894202 -2.29847154047265 
1560000124.075002 19.1108646393 21.9208278656 -2.304006243348254 
1560000124.108341 19.1108646393 21.9208278656 -2.30769950418362 
1560000124.141681 19.1108646393 21.9208278656 -2.30765464458435 
1560000124.17502 19.1108646393 21.9208278656 -2.3064674979012367 
1560000124.20836 19.1108646393 21.9208278656 -2.304123385077589 
1560000124.241699 19.112363832312322 21.92250278372665 -2.299960788929717 
1560000124.275038 19.1131916046 21.9234275818 -2.2959095204994613 
1560000124.308378 19.1131916046 21.9234275818 -2.292058130329073 
1560000124.341717 19.114671968339525 21.925123114676467 -2.2874514529427126 
1560000124.375057 19.114779398747643 21.92523333004198 -2.2824537433707572 
1560000124.408396 19.113262160340863 21.923468093737473 -2.277039758737324 
1560000124.441736 19.1132125854 21.9234104156 -2.270835663701845 
1560000124.475075 19.113905996147196 21.924249525850115 -2.2637913634143487 
1560000124.508415 19.115388938812654 21.926044064506968 -2.2558203879457404 
1560000124.541754 19.11402219509864 21.92434758415273 -2.2478151739491055 
1560000124.575093 19.1132450104 21.9233837128 -2.2405237227730344 
1560000124.608433 19.1132450104 21.9233837128 -2.234044274695486 
1560000124.641772 19.114625677595363 21.925165894241612 -2.2293876835775217 
1560000124.674521 19.1153831482 21.9261436462 -2.2262172405179768 
1560000124.707855 19.1153831482 21.9261436462 -2.224603437698622 
1560000124.74119 19.1153831482 21.9261436462 -2.224914690025221 
1560000124.774524 19.1153831482 21.9261436462 -2.2253156872430284 
1560000124.807859 19.1153831482 21.9261436462 -2.225705441656255 
1560000124.841193 19.1153831482 21.9261436462 -2.2243053573783675 
1560000124.874528 19.114747920571332 21.9253070049205 -2.221563548965631 
1560000124.907862 19.11334026710032 21.923453022272497 -2.2173019638438096 
1560000124.941196 19.1132717133 21.9233627319 -2.2089869795369723 
1560000124.974531 19.113885252117626 21.92421560255737 -2.198364761353202 
1560000125.007866 19.11524462390851 21.926105243896433 -2.185190362657766 
1560000125.0412 19.1153106689 21.926197052 -2.1693474977831957 
1560000125.074535 19.115884760713374 21.92707656062546 -2.1536565092339206 
1560000125.107869 19.11715635379824 21.92902464115921 -2.1383166465962598 
1560000125.141204 19.116046762060755 21.92724001938417 -2.1257805030198296 
1560000125.174538 19.115916626832057 21.92705563210501 -2.1170435222327293 
1560000125.207873 19.11712340605992 21.929045736884287 -2.1127461993218546 
1560000125.241207 19.116038257325368 21.927245811156258 -2.113551321540588 
1560000125.274542 19.114833687090623 21.925254876688665 -2.115528004777054 
1560000125.307876 19.113625673703332 21.923266105148468 -2.118611935796345 
1560000125.34121 19.1135673523 21.9231700897 -2.120952483716294 
1560000125.374545 19.11301584873504 21.92227504539987 -2.1228382746909613 
1560000125.407879 19.111795119408235 21.920293903490048 -2.124217794191632 
1560000125.441214 19.1117362976 21.9201984406 -2.1244145314448635 
1560000125.474548 19.11118526386864 21.919302651622967 -2.1232677477223163 
1560000125.507883 19.10996577128087 21.917320181303047 -2.1205637867139786 
1560000125.541217 19.1099071503 21.917224884 -2.1156968006059085 
1560000125.574552 19.110445113139523 21.918128960449103 -2.1097574498485483 
1560000125.607886 19.11163532421149 21.920129176301533 -2.1026506752968372 
1560000125.641221 19.1116924286 21.9202251434 -2.1015610864053453 
1560000125.67412 19.11117491795198 21.91934420296527 -2.1015332438774945 
1560000125.707449 19.109996333863677 21.91733794013167 -2.102451032850218 
1560000125.740779 19.108816517055878 21.915331610846074 -2.1023355129435433 
1560000125.774108 19.1081542969 21.9142055511 -2.10238667741767 
1560000125.807438 19.1081542969 21.9142055511 -2.1027371176358427 
1560000125.840768 19.1081542969 21.9142055511 -2.1038205694826213 
1560000125.874097 19.1081542969 21.9142055511 -2.104889669660349 
1560000125.907427 19.1081542969 21.9142055511 -2.105879007682176 
1560000125.940756 19.1081542969 21.9142055511 -2.1064354467862927 
1560000125.974086 19.1081542969 21.9142055511 -2.1072121651131472 
1560000126.007416 19.1081542969 21.9142055511 -2.108307986104472 
1560000126.040745 19.107032194058565 21.912333392339406 -2.1102319377071117 
1560000126.074075 19.1063594818 21.9112110138 -2.11131146129746 
1560000126.107404 19.1063594818 21.9112110138 -2.111235812878157 
1560000126.140734 19.1063594818 21.9112110138 -2.1104944082490102 
1560000126.174063 19.1063594818 21.9112110138 -2.1100192598127254 
1560000126.207393 19.1063594818 21.9112110138 -2.109943609589552 
1560000126.240722 19.1063594818 21.9112110138 -2.1105120078116846 
1560000126.274052 19.1063594818 21.9112110138 -2.111045984910473 
1560000126.307382 19.1063594818 21.9112110138 -2.1114800253081967 
1560000126.340711 19.1063594818 21.9112110138 -2.1118142899991645 
1560000126.374041 19.1063594818 21.9112110138 -2.1121262971511827 
1560000126.40737 19.1063594818 21.9112110138 -2.1124182428461236 
1560000126.4407 19.1063594818 21.9112110138 -2.1128432610433086 
1560000126.47403 19.1063594818 21.9112110138 -2.113199829216552 
1560000126.507359 19.1063594818 21.9112110138 -2.113456334581554 
1560000126.540689 19.1063594818 21.9112110138 -2.1126159669276396 
1560000126.574018 19.105837815921994 21.910341201106487 -2.111422233109744 
1560000126.607348 19.104641392338944 21.908346314219617 -2.109868058567328 
1560000126.640677 19.1045646667 21.9082183838 -2.1072174671862363 
1560000126.676854 19.1045646667 21.9082183838 -2.1029453358887573 
1560000126.7102 19.1045646667 21.9082183838 -2.0976964036392562 
1560000126.743545 19.103388476595878 21.906177423691087 -2.092570797069284 
1560000126.776891 19.1028213501 21.9051933289 -2.0878168953513705 
1560000126.810236 19.1028213501 21.9051933289 -2.0834402758412924 
1560000126.843582 19.1028213501 21.9051933289 -2.080695514728672 
1560000126.876928 19.1028213501 21.9051933289 -2.0801246363571173 
1560000126.910273 19.102794335518634 21.90514542985179 -2.0815886348397723 
1560000126.943619 19.101650770024236 21.90311779529358 -2.0852374865180017 
1560000126.976964 19.10050256709771 21.901092880698393 -2.088402098246784 
1560000127.01031 19.099321283250095 21.899020507366927 -2.0910825163201494 
1560000127.043656 19.097003595615597 21.894982998794557 -2.0919963301872793 
1560000127.077001 19.0959033966 21.8930664062 -2.0923876859534225 
1560000127.110347 19.095843574711044 21.892962013717494 -2.092265610805693 
1560000127.143692 19.09352851395623 21.888922105524124 -2.090586555743957 
1560000127.177038 19.09122209728473 21.884877404872054 -2.0879164835982085 
1560000127.210383 19.088954872662516 21.880882871305943 -2.08431174691991 
1560000127.243729 19.087818925885568 21.878850124417365 -2.0791476729993312 
1560000127.277075 19.086099897384027 21.875737099045864 -2.074171093677249 
1560000127.31042 19.083859397626615 21.87165605863124 -2.0693735222415026 
1560000127.343766 19.081646034489808 21.867560064752766 -2.0649555412685165 
1560000127.377111 19.078867949893723 21.862370253732745 -2.0608004964500917 
1560000127.410457 19.07561860727082 21.85626419717396 -2.056902497520133 
1560000127.443803 19.073453576761974 21.85214275257313 -2.0537632351144417 
1560000127.477148 19.071296703458554 21.848016728471855 -2.051056807395161 
1560000127.510494 19.069147211992878 21.84388627389576 -2.0488000520102707 
1560000127.543839 19.067006416825844 21.839752236790723 -2.0486443896135054 
1560000127.577185 19.064293005883194 21.834522935910417 -2.049506897561662 
1560000127.61053 19.061106656197992 21.82839068355044 -2.051322830631691 
1560000127.643876 19.058944159481054 21.82426794713918 -2.054790298684156 
1560000127.677003 19.056206505408156 21.819099815182454 -2.0592239442705274 
1560000127.710346 19.05294965160914 21.812989597444084 -2.06461784227388 
1560000127.743689 19.050722487006503 21.808901586632057 -2.0716844154151826 
1560000127.777032 19.048469903301957 21.804827661252297 -2.079442453288221 
1560000127.810375 19.046193047730558 21.80076710767038 -2.087829732004524 
1560000127.843719 19.04386660537022 21.79673367486568 -2.0964592875927437 
1560000127.877062 19.042140996090353 21.79377114322058 -2.1043958039685444 
1560000127.910405 19.040953689677032 21.791769477124973 -2.1116951616630013 
1560000127.943748 19.039745353723642 21.789780174605788 -2.1184421280494843 
1560000127.977091 19.037877504678477 21.786753246889813 -2.1251703066605665 
1560000128.010434 19.035454543681368 21.78285540301019 -2.131887703060348 
1560000128.043777 19.034206771873155 21.780890257756877 -2.1388121370575037 
1560000128.07712 19.033618927 21.779964447 -2.145755406892716 
1560000128.110464 19.03358106952005 21.77990754877562 -2.152718781036901 
1560000128.143807 19.032291332961986 21.777969128147124 -2.159785303655572 
1560000128.17715 19.030990808813684 21.77603878477438 -2.1670399476513724 
1560000128.210493 19.029680103093636 21.77411600680423 -2.1744365814607938 
1560000128.243836 19.028349664760682 21.77220556857928 -2.1810329671172104 
1560000128.277179 19.0277252197 21.7713088989 -2.1863290150498105 
1560000128.310523 19.027640951225592 21.77119106552676 -2.190394326335094 
1560000128.343865 19.024933090685145 21.7674046395355 -2.1919471489120386 
1560000128.377208 19.0236644745 21.765630722 -2.192480690854478 
1560000128.410552 19.023577762751763 21.76550962666277 -2.192135110953684 
1560000128.443895 19.020867274441027 21.761724355315593 -2.19237407529152 
1560000128.477238 19.0195999146 21.7599544525 -2.1941446985771234 
1560000128.510581 19.019555664901873 21.759893895970478 -2.1973479929245125 
1560000128.543924 19.018208904394147 21.758050829330614 -2.2031275281412266 
1560000128.577267 19.016825997281316 21.75617644909054 -2.2093360259159676 
1560000128.61061 19.015455246 21.7543354034 -2.2159571634412885 
1560000128.643954 19.015455246 21.7543354034 -2.2222696575142336 
1560000128.677151 19.014700491956923 21.753360288171436 -2.2281591359319513 
1560000128.710492 19.013275558238426 21.751520265454804 -2.2337388704452574 
1560000128.743832 19.01183584726923 21.749691374576955 -2.23975669074893 
1560000128.777173 19.010386659186725 21.747869866488728 -2.2458123405504695 
1560000128.810514 19.008928601195915 21.746055319200007 -2.251907931824883 
1560000128.843854 19.007454561379756 21.74425314968188 -2.2582099609508677 
1560000128.877195 19.0067634583 21.7434082031 -2.2647573157092276 
1560000128.910536 19.006715320682456 21.74335285085554 -2.2717398510879723 
1560000128.943876 19.005187871587392 21.741596475280193 -2.2854446045643457 
1560000128.977217 19.0036509053776 21.739848838175845 -2.295684836398942 
1560000129.010558 19.002155304 21.7381649017 -2.30288165294234 
1560000129.043898 19.002155304 21.7381649017 -2.310284459199479 
1560000129.077239 19.001342731960023 21.737291028102085 -2.3177767238564506 
1560000129.110579 18.999726140492008 21.73555373578683 -2.3253699992256727 
1560000129.14392 18.998122329025676 21.73386725366967 -2.3333413616766516 
1560000129.177261 18.99650766076563 21.73219093511025 -2.3414855888978297 
1560000129.210602 18.994882783070004 21.730524219977177 -2.3497905915385178 
1560000129.243942 18.993237047474906 21.728877212527415 -2.358369974096177 
1560000129.277283 18.991580402072493 21.727242378539085 -2.366949602063026 
1560000129.310624 18.989913531396198 21.725618912271262 -2.375524376904668 
1560000129.343964 18.98822581366169 21.724015135277828 -2.3839616938668136 
1560000129.377305 18.9874401093 21.7232685089 -2.392190503649283 
1560000129.410646 18.987320038121805 21.72315968332733 -2.400206625904391 
1560000129.443986 18.98387087760081 21.720033563682623 -2.407365350926056 
1560000129.477327 18.98133563453271 21.717753313570636 -2.414106289897407 
1560000129.510668 18.9796562195 21.7162628174 -2.420446229705528 
1560000129.544008 18.9796562195 21.7162628174 -2.425758464596667 
1560000129.577349 18.978710381398255 21.715449860017443 -2.4308804742675845 
1560000129.61069 18.976944617933437 21.713933029548883 -2.435841426198755 
1560000129.64403 18.975167884775143 21.712429737808893 -2.4409050201974396 
1560000129.677371 18.9743442535 21.7117328644 -2.446133176078717 
1560000129.716348 18.973973311086347 21.711429723035312 -2.45268898144921 
1560000129.749705 18.972170213664466 21.70995619670612 -2.4594121044357156 
1560000129.783061 18.9716415405 21.7095241547 -2.466712586025956 
1560000129.816418 18.971259933350257 21.709226379460535 -2.4744301196038556 
1560000129.849774 18.96942381723496 21.70779362350644 -2.4828229073569914 
1560000129.883131 18.967575007297324 21.70637885656909 -2.4917449114143024 
1560000129.916487 18.965716805507594 21.704976625363496 -2.5009882433297825 
1560000129.949844 18.963842471821703 21.703593461290172 -2.510624901690848 
1560000129.983201 18.961980941602686 21.70224907588676 -2.5198069249182886 
1560000130.016557 18.960114688756764 21.700920071996197 -2.5286744153771896 
1560000130.049914 18.958203444555018 21.69958907237714 -2.5369608740385314 
1560000130.083271 18.956280887089004 21.698274578127204 -2.5448833037223193 
1560000130.116627 18.954350814859996 21.69697130814127 -2.5523355906424414 
1560000130.149984 18.952410313202083 21.695683578542898 -2.55845453309314 
1560000130.18334 18.950435598202773 21.694388543138775 -2.563543884646264 
1560000130.216697 18.9488754272 21.6933708191 -2.5679605579818103 
1560000130.250053 18.9488754272 21.6933708191 -2.571652948539542 
1560000130.28341 18.947525188008868 21.69251205293683 -2.5746617442714164 
1560000130.316767 18.945930481 21.6914978027 -2.577044894927215 
1560000130.350123 18.945930481 21.6914978027 -2.5780725410253393 
1560000130.38348 18.945930481 21.6914978027 -2.577826449809563 
1560000130.416837 18.945930481 21.6914978027 -2.5768710600733824 
1560000130.450193 18.945930481 21.6914978027 -2.575340486104372 
1560000130.48355 18.945930481 21.6914978027 -2.574030918748571 
1560000130.516906 18.945930481 21.6914978027 -2.5730115451851927 
1560000130.550263 18.945930481 21.6914978027 -2.5727955440555217 
1560000130.583619 18.945930481 21.6914978027 -2.573170927953077 
1560000130.616976 18.945930481 21.6914978027 -2.5739831861650573 
1560000130.650333 18.945930481 21.6914978027 -2.575401607035323 
1560000130.683689 18.945930481 21.6914978027 -2.5772941473657336 
1560000130.719087 18.945930481 21.6914978027 -2.5796876007154665 
1560000130.75246 18.945930481 21.6914978027 -2.5824285518825416 
1560000130.785832 18.944428894837888 21.690562816376193 -2.5849803774016844 
1560000130.819205 18.9429683685 21.6896533966 -2.587249495399136 
1560000130.852578 18.9429683685 21.6896533966 -2.5888882618611015 
1560000130.88595 18.9429683685 21.6896533966 -2.5897675950499353 
1560000130.919323 18.9429683685 21.6896533966 -2.5895545036284933 
1560000130.952695 18.9429683685 21.6896533966 -2.586963232464427 
1560000130.986068 18.9429683685 21.6896533966 -2.5808291156026573 
1560000131.01944 18.9434927066196 21.689993277005982 -2.5723382986139374 
1560000131.052813 18.945446891532722 21.691259996202636 -2.560361914250914 
1560000131.086185 18.9458961487 21.6915512085 -2.545703193069168 
1560000131.119558 18.9458961487 21.6915512085 -2.5297501029245724 
1560000131.152931 18.9458961487 21.6915512085 -2.512476937527903 
1560000131.186303 18.94445628868475 21.69046786648879 -2.4964893164768345 
1560000131.219676 18.943107605 21.689453125 -2.4822575313385777 
1560000131.253048 18.943107605 21.689453125 -2.4716582074798734 
1560000131.286421 18.943107605 21.689453125 -2.4665010154460063 
1560000131.319793 18.94209320435432 21.68864075234743 -2.464738864997622 
1560000131.353166 18.93845600157811 21.68572793473455 -2.4677189969400737 
1560000131.386539 18.933372765169594 21.681710965070785 -2.4743900616569867 
1560000131.419911 18.928911395178464 21.678205853172173 -2.4828006419651834 
1560000131.453284 18.92706160327842 21.67678891001702 -2.492997254031939 
1560000131.486656 18.922260825719157 21.673216631637413 -2.5036395040195942 
1560000131.520029 18.916629592535326 21.66907621906812 -2.514099873717218 
1560000131.553401 18.9109531110547 21.664998674689585 -2.523798363260074 
1560000131.586774 18.905234307613668 21.660981154871852 -2.532405109646199 
1560000131.620147 18.90004783189395 21.657379036928546 -2.5403881752799045 
1560000131.653519 18.89619563380623 21.654756588864817 -2.547562830516524 
1560000131.686892 18.889253802474677 21.650122399161294 -2.554504824054669 
1560000131.719225 18.882747164754175 21.645805254348414 -2.561161571709669 
1560000131.752595 18.87884170390894 21.643263140437202 -2.56800583456192 
1560000131.785966 18.871914167284544 21.638843039910675 -2.5752575631949215 
1560000131.819336 18.865086205916974 21.634517138555342 -2.5828614485373005 
1560000131.852706 18.861126007511604 21.632062859353834 -2.5910921308966017 
1560000131.886076 18.85560975694994 21.628729030761043 -2.6004130792328075 
1560000131.919446 18.84960577296418 21.62515243215719 -2.6103423002578294 
1560000131.952816 18.84356172860534 21.621642863839078 -2.621025670587837 
1560000131.986186 18.837472585821367 21.61821172751328 -2.632585028181579 
1560000132.019556 18.831353376147245 21.614835138098915 -2.644676336475455 
1560000132.052926 18.825189672996547 21.611541974086766 -2.657492402847846 
1560000132.086296 18.818976739673282 21.60834234722699 -2.6707483400399052 
1560000132.119667 18.81330892446836 21.605483856250398 -2.684172610010014 
1560000132.153037 18.809115793210044 21.603452211610133 -2.697699563608853 
1560000132.186407 18.803246578116475 21.600732333185817 -2.7112201399094054 
1560000132.219777 18.796880153123976 21.597849430242704 -2.7245508487364343 
1560000132.253147 18.790473359095753 21.59505656196312 -2.7373941921264753 
1560000132.286517 18.785706001381723 21.59305213449359 -2.749377917065307 
1560000132.319887 18.78078253137761 21.591048341168374 -2.7605885371555954 
1560000132.353257 18.77428276506235 21.588479494977427 -2.770446070544647 
1560000132.386627 18.7694613455345 21.586628657371193 -2.7795516626655052 
1560000132.419997 18.765098191105828 21.584992680201598 -2.7882872529134075 
1560000132.453367 18.76072045969602 21.58339765335412 -2.796616271924181 
1560000132.486737 18.756327707079905 21.581844686052307 -2.8047217243089815 
1560000132.520108 18.751289113011993 21.5801041264533 -2.812776969751981 
1560000132.553478 18.74466714190355 21.57787261636084 -2.8208571238342555 
1560000132.586848 18.74152474242456 21.57683683192913 -2.828853054185885 
1560000132.620218 18.738656397369013 21.575925446919207 -2.8368577267326867 
1560000132.653588 18.734207401072144 21.574544284962272 -2.8449380014135914 
1560000132.686958 18.727972974356145 21.572680409835034 -2.853275691996507 
1560000132.720328 18.72258823792307 21.57109026033281 -2.8617118978726435 
1560000132.753698 18.72034654415902 21.570455050088487 -2.8702232693226937 
1560000132.78075 18.717158689313344 21.569588376147596 -2.8768209853639246 
1560000132.8141 18.712661347123206 21.568380210602005 -2.8847221648944315 
1560000132.847451 18.70815253291652 21.567217384388933 -2.8917366534205926 
1560000132.880801 18.70363688591375 21.56608094401714 -2.89805838173911 
1560000132.914152 18.69936461643059 21.565025155816556 -2.903885188427251 
1560000132.947502 18.697100096132434 21.56448574201161 -2.9093009540530974 
1560000132.980853 18.693447060447685 21.563635523356343 -2.914000843935476 
1560000133.014203 18.689161833506 21.56264707561082 -2.918129296914624 
1560000133.047554 18.68689088728664 21.562135635654094 -2.9213426540185314 
1560000133.080904 18.68322653566751 21.561323550934503 -2.9242078437426864 
1560000133.114254 18.678679111688016 21.560322781098368 -2.926788365841342 
1560000133.147605 18.67412706303762 21.559335528537236 -2.9288648086571496 
1560000133.180955 18.669574350362993 21.558356890624705 -2.930793813229027 
1560000133.214306 18.665020683696934 21.557384786975778 -2.9325121074323337 
1560000133.247656 18.660464926931077 21.556421729767415 -2.9333180476548106 
1560000133.281007 18.65590903984803 21.555458645019527 -2.9335338480059354 
1560000133.314357 18.651353283023216 21.55449514472802 -2.933248742954749 
1560000133.347708 18.64679739598121 21.553528243227696 -2.931958851863117 
1560000133.381058 18.642244006942438 21.55255352439649 -2.929945825024446 
1560000133.414408 18.637425145606013 21.551512733884177 -2.9273624648927057 
1560000133.447759 18.630603401236723 21.550012764385688 -2.923869851372764 
1560000133.481109 18.625190872402683 21.548807072096764 -2.9202456600052575 
1560000133.51446 18.620648433327382 21.547780183382812 -2.91662049555546 
1560000133.54781 18.616111759577883 21.546733160755725 -2.913589791383387 
1560000133.581161 18.608766343550815 21.545015700871136 -2.911351954443073 
1560000133.614511 18.600246830730526 21.543014922181243 -2.909724643128196 
1560000133.647862 18.59571513781817 21.541943702200705 -2.909003128151706 
1560000133.681212 18.59118435169263 21.540869347109457 -2.908577335436339 
1560000133.714562 18.586654038926355 21.539793063898042 -2.9083577079676095 
1560000133.747913 18.582123596611524 21.53871674985075 -2.908325265872091 
1560000133.781419 18.57757207027031 21.53763622536962 -2.908448690541941 
1560000133.814769 18.57304159409913 21.53656137774979 -2.9086921769450513 
1560000133.848119 18.56851000916289 21.535487638953157 -2.9091213862338003 
1560000133.881469 18.56397843782245 21.534416304742997 -2.9096847715790006 
1560000133.91482 18.559446411400216 21.53334701775202 -2.910364183727197 
1560000133.94817 18.554912281990646 21.532282184345235 -2.911290824151548 
1560000133.98152 18.550378152623143 21.531222967738703 -2.9124863697020333 
1560000134.014871 18.545843391739993 21.53016834787716 -2.9139515026093443 
1560000134.048221 18.541305413312127 21.529122590077385 -2.916157040263565 
1560000134.081571 18.536765054271676 21.528089709446814 -2.9190588344456807 
1560000134.114922 18.532524763269436 21.527134184733445 -2.922545291465285 
1560000134.148272 18.530250076258028 21.526634211515248 -2.9272020071267035 
1560000134.181622 18.52652969520277 21.52583993913588 -2.9322503947100262 
1560000134.214972 18.52166604155004 21.524818274874335 -2.93760637921672 
1560000134.248323 18.514821396932962 21.523427717856116 -2.943485394626531 
1560000134.281673 18.50505919647127 21.521539323906246 -2.953505165851952 
1560000134.315023 18.49424195077686 21.519498240216432 -2.9651649654264363 
1560000134.348374 18.48736041117531 21.51830233577132 -2.972145103500874 
1560000134.381724 18.480470938161094 21.51715426196183 -2.9795548780566645 
1560000134.415074 18.473891801403088 21.516092445219787 -2.9873123502793626 
1560000134.448425 18.469286296979675 21.515400347359936 -2.9957135790779836 
1560000134.481775 18.463203652407554 21.51454584244575 -3.0047041769729863 
1560000134.515125 18.456282196679492 21.51361330589168 -3.014083141867131 
1560000134.548476 18.449348495283846 21.512767267128925 -3.023798752359818 
1560000134.581826 18.4424076654935 21.51198556489156 -3.0336732377461932 
1560000134.615176 18.435787302299957 21.511284967042055 -3.043649715166449 
1560000134.648526 18.431150146633705 21.510858781264226 -3.0537021335377856 
1560000134.681877 18.42650876411111 21.51047664693569 -3.063800465095302 
1560000134.715227 18.42153423071733 21.510109029242628 -3.073954311664447 
1560000134.748577 18.41456251171864 21.509680293960955 -3.0842910300836817 
1560000134.78209 18.40755350499999 21.509321169298918 -3.094908392408556 
1560000134.81544 18.400575991018762 21.50902031793172 -3.105700700549901 
1560000134.84879 18.393594144233912 21.50881803770484 -3.1170675109641106 
1560000134.88214 18.386610666955765 21.50869505939374 -3.128987949217499 
1560000134.91549 18.379626304070825 21.50863533763329 -2.5125318352667376 
1560000134.94884 18.372641912879352 21.508691314512408 1.664821720301282 
1560000134.982191 18.365658928042063 21.50884334197072 3.1139262424079663 
1560000135.015541 18.359030398094607 21.509052487264047 3.0990982784929257 
1560000135.048891 18.354379226113547 21.509292933523646 3.083788117712076 
1560000135.082241 18.34821843926469 21.50971596101909 3.0684779569312255 
1560000135.115591 18.340900606916133 21.510295111218248 3.0532085867812166 
1560000135.148942 18.331632391577468 21.511199668626947 3.038164434916411 
1560000135.182292 18.323889196984666 21.512056787504847 3.0235851516622123 
1560000135.215642 18.316956296802296 21.512911429084742 3.009345085717881 
1560000135.248992 18.31004060452308 21.513889752732876 2.9956154773978887 
1560000135.282342 18.303138252443393 21.51495812264042 2.982281697525649 
1560000135.315692 18.296246490501325 21.516094897375837 2.9692281895986743 
1560000135.349042 18.289374053134786 21.51734547233307 2.9565645278625334 
1560000135.382393 18.282518154867308 21.518678813844698 2.94425049480118 
1560000135.415743 18.275674950794805 21.520074595093412 2.932203540215278 
1560000135.449093 18.268852129324163 21.521573249530128 2.9206055070171626 
1560000135.482443 18.263538695715585 21.522793814766494 2.9093816797197984 
1560000135.515793 18.25829304971598 21.524064471054626 2.8984424825755752 
1560000135.549144 18.249267787797752 21.52636213427421 2.887981022100975 
1560000135.582494 18.24323247298979 21.52794778115202 2.8778480255307763 
1560000135.615844 18.238021711731264 21.529383232404854 2.867946900047545 
1560000135.649194 18.229070538299577 21.531950524583134 2.858373622615286 
1560000135.682544 18.221617144886437 21.53415599482866 2.8489882773052355 
1560000135.715894 18.214935194406944 21.536191313566476 2.83967610207561 
1560000135.749244 18.208277759233724 21.538304441703616 2.830244947619658 
1560000135.782747 18.203085234966963 21.54000096287645 2.8203910148852196 
1560000135.816097 18.19793282471742 21.54174624146597 2.810265820873264 
1560000135.849447 18.18914572273063 21.544830060098054 2.799520163281902 
1560000135.882797 18.183314588830214 21.546929974082833 2.788655808720373 
1560000135.916147 18.17821351282034 21.54884072538269 2.7778352263397386 
1560000135.949497 18.1695307314386 21.55220697288369 2.767515915578002 
1560000135.982847 18.163775531816462 21.55448731962238 2.7576967973467656 
1560000136.016197 18.158728401592242 21.556554553187954 2.748123474272189 
1560000136.049547 18.150146124172256 21.56017269681173 2.7385501511976127 
1560000136.082897 18.14303433485489 21.56324795674685 2.7283799766725068 
1560000136.116247 18.136648163217913 21.566075832542772 2.7178312227399126 
1560000136.149597 18.130299903487437 21.568987890008433 2.7068645722776017 
1560000136.182947 18.123984183152157 21.5719710741343 2.695778143796565 
1560000136.216297 18.11661369805797 21.57556912143202 2.6826730838420194 
1560000136.249647 18.104170286347983 21.581917411433384 2.660277550802513 
1560000136.282997 18.09598195967364 21.586227897852336 2.645476657539933 
1560000136.316347 18.08949573167734 21.589776379046185 2.6343572828184736 
1560000136.349697 18.081384111160606 21.594352523779623 2.623354879741485 
1560000136.383047 18.074683197598173 21.59822201865694 2.612328492310082 
1560000136.416396 18.068667610665617 21.601771324088087 2.6012091688386634 
1560000136.449747 18.062700768114947 21.605403591812163 2.5897091612488947 
1560000136.483096 18.05544402203844 21.60994814614117 2.578402533379968 
1560000136.516447 18.048284354799687 21.614492990768973 2.567351690015581 
1560000136.549796 18.04438898244857 21.61704622797166 2.55706018493834 
1560000136.583147 18.037899960691323 21.62141155191599 2.5472349080437477 
1560000136.616496 18.030545562868088 21.62641089514375 2.537694410616032 
1560000136.649847 18.02481669894614 21.630408250332813 2.5284446426549594 
1560000136.683196 18.019126262999443 21.634458236647248 2.519316336382178 
1560000136.716546 18.012782588130303 21.639049356645454 2.5103348168442423 
1560000136.749896 18.003417906239147 21.64596504885797 2.5017603316770605 
1560000136.783413 17.99661709077996 21.651061162444424 2.493631301248204 
1560000136.816762 17.991059669624363 21.65529163668293 2.4857941637115237 
1560000136.850112 17.985543399990068 21.659573869969723 2.478072213184013 
1560000136.883462 17.978805327322018 21.66489910729766 2.4703258559797985 
1560000136.916812 17.971871121689187 21.670432666956255 2.462487565337609 
1560000136.950162 17.96645535601665 21.67484466484768 2.454303646307691 
1560000136.983512 17.961079117982404 21.67930409587742 2.445751901126218 
1560000137.016862 17.95539441048657 21.684088361996874 2.4369809125856317 
1560000137.050211 17.948330072536816 21.6901565939375 2.427980337976071 
1560000137.083561 17.94132451030267 21.696292779746617 2.4185227587991442 
1560000137.116911 17.93469475115929 21.702177009472404 2.4087523156464736 
1560000137.150261 17.92952963406879 21.70687904716494 2.3985230619844358 
1560000137.183611 17.923238857049387 21.712742029797102 2.388072020216887 
1560000137.21696 17.9161458026102 21.71945328129357 2.3775439043554147 
1560000137.25031 17.907787432840085 21.72755593843102 2.367101348985176 
1560000137.28366 17.90066141314337 21.73460393725663 2.3567575849542797 
1560000137.31701 17.894095658246787 21.74120802160844 2.346603142582114 
1560000137.35036 17.887608698184245 21.74789090084794 2.33704874351766 
1560000137.38371 17.880071029470393 21.75581142235001 2.3284344740383025 
1560000137.41706 17.872717299080644 21.76361546039047 2.3203841220014394 
1560000137.450409 17.867978480685807 21.768747378134524 2.312961351306455 
1560000137.483759 17.86109900909545 21.77632448015699 2.3061086773415633 
1560000137.517109 17.85330869313349 21.784974592070114 2.2996722122588413 
1560000137.550459 17.84558260797689 21.793682817518135 2.2939188359228253 
1560000137.583809 17.83897668423445 21.801207711187427 2.2886881719233996 
1560000137.617158 17.832255588166127 21.808939210102764 2.283717870652743 
1560000137.650508 17.823147934573022 21.819531516783403 2.278889408489614 
1560000137.683858 17.816202350508036 21.82767912568217 2.274110747645765 
1560000137.717208 17.80988842695073 21.835151353721812 2.269496537214656 
1560000137.750558 17.80242059883343 21.84408221458304 2.265449502347958 
1560000137.784097 17.793892632420455 21.85436072794693 2.262159313795331 
1560000137.817446 17.78561225585518 21.86437871412542 2.259473292064473 
1560000137.850796 17.779700331290375 21.87157429093362 2.2577710852509227 
1560000137.884146 17.77275136333089 21.880056018567206 2.256774475409509 
1560000137.917495 17.765378719001582 21.889064726996896 2.2562385680456303 
1560000137.950845 17.75800885050611 21.898075736633555 2.2563479774505963 
1560000137.984195 17.749585300223288 21.908363826627884 2.257038268499525 
1560000138.017545 17.741355133383987 21.918406369360387 2.258077553621456 
1560000138.050894 17.73544083354235 21.925600468204028 2.2595368870694923 
1560000138.084244 17.728457811623517 21.934062716485368 2.2612635137821875 
1560000138.117594 17.721038000099348 21.94303275551942 2.2630829098366445 
1560000138.150944 17.71359819593074 21.951987745509502 2.2648464920056504 
1560000138.184293 17.70720844207117 21.959651977751896 2.2666099162274422 
1560000138.217643 17.70091380510588 21.96717873598262 2.2683276136404324 
1560000138.250993 17.693428166142183 21.97609433047078 2.2698779512875897 
1560000138.284342 17.68700205048821 21.983724665994465 2.271428130848047 
1560000138.317692 17.68099340639362 21.990840611657166 2.273055113358874 
1560000138.351042 17.67497080024054 21.99794458989346 2.274960713536349 
1560000138.384392 17.66785020873328 22.006305231676375 2.2768408861711698 
1560000138.417741 17.660291409847744 22.015157866815972 2.278649103432462 
1560000138.451091 17.6527154445488 22.023995856868627 2.2802349037261536 
1560000138.484441 17.646215061687048 22.031554479554252 2.2818461771372727 
1560000138.517791 17.64013257695851 22.038607484671626 2.2835219583394384 
1560000138.55114 17.634036357345334 22.045646379282694 2.28539204239204 
1560000138.58449 17.627925312118773 22.052674486686357 2.287268475410631 
1560000138.61784 17.621804641578585 22.059694661473053 2.289076831622806 
1560000138.651189 17.615670286274995 22.066701718465133 2.290635863649389 
1560000138.684539 17.608416296760872 22.074960568024377 2.2919645203829533 
1560000138.717889 17.60106856065577 22.083312830669236 2.293093658865647 
1560000138.751239 17.59490855661148 22.090297221860713 2.2938356709166174 
1560000138.784754 17.588714375321693 22.097313388212132 2.294322946674615 
1560000138.818103 17.582548296388218 22.10429260082314 2.294701743886746 
1560000138.851453 17.576378114717418 22.111268086558066 2.2950531898004516 
1560000138.884802 17.570205348138636 22.118241493400806 2.295482195686503 
1560000138.918152 17.564030787648136 22.125213531809347 2.2958992300377097 
1560000138.951501 17.557854465774163 22.13218240745022 2.296179581617264 
1560000138.984851 17.55167420524511 22.13914967326441 2.296537786176862 
1560000139.0182 17.54549186769803 22.14611487725081 2.2969657364955283 
1560000139.05155 17.53930641965416 22.15307636878263 2.29753011728134 
1560000139.084899 17.53311462932299 22.160033004738775 2.2983352243453026 
1560000139.118249 17.526557193447868 22.16739030962172 2.2992698194763346 
1560000139.151598 17.51880337852649 22.176072801309783 2.300340660124977 
1560000139.184948 17.51217938325786 22.183476195983125 2.3010727945185567 
1560000139.218298 17.505600867888717 22.190819503839215 2.3016235978186295 
1560000139.251647 17.49782920565715 22.19948549879187 2.3019839388442787 
1560000139.284997 17.491199009059628 22.206877277539817 2.301978688247002 
1560000139.318346 17.484982160850826 22.213810809491775 2.3016155548830475 
1560000139.351696 17.478769996504013 22.220749401363946 2.3005193934854957 
1560000139.385045 17.47256458977543 22.227694328616842 2.299606426544644 
1560000139.418395 17.466363767252208 22.23464361102658 2.2987926638726095 
1560000139.451744 17.46017086308543 22.241598542686692 2.2980872478178513 
1560000139.485094 17.453983414246178 22.248559305659793 2.297041047171757 
1560000139.518443 17.447804821390488 22.25552733439669 2.295246599168541 
1560000139.551793 17.44164736175283 22.262512997824828 2.2914506652466895 
1560000139.585142 17.435519280022667 22.269525688114488 2.287515191920751 
1560000139.618492 17.429775411761213 22.27613255341832 2.283717948029255 
1560000139.651841 17.42521599047838 22.281423466700033 2.2805146492579578 
1560000139.685191 17.419548116202566 22.288036789769613 2.2785744672324886 
1560000139.71854 17.413494449461936 22.29511411345591 2.2775139020902455 
1560000139.75189 17.40744639924258 22.302196464202513 2.2778274999837063 
1560000139.785414 17.401362981902864 22.309311021299997 2.2784082873589546 
1560000139.818763 17.39530812135749 22.316385861423107 2.2790418415947324 
1560000139.852112 17.38924752241847 22.323457832374466 2.2795685183253003 
1560000139.885461 17.383185039627925 22.33052691980405 2.279882492489839 
1560000139.918811 17.377120791883247 22.337594615865022 2.280133977514445 
1560000139.95216 17.371053875516754 22.344660175434978 2.280411943805554 
1560000139.98551 17.366122691487377 22.350399122339432 2.280716651257332 
1560000140.018859 17.361187930211482 22.356139105358512 2.2810391418830296 
1560000140.052208 17.35511460960312 22.36319962677411 2.281388192434641 
1560000140.085558 17.350181196259026 22.36893184978174 2.281561028213444 
1560000140.118907 17.345241361639196 22.374670913291716 2.2815410742715847 
1560000140.152256 17.339168070057273 22.38172885671852 2.2811226926604147 
1560000140.185606 17.33423971774703 22.387460779140408 2.280811384462795 
1560000140.218955 17.329686958622393 22.392758401533477 2.280571230248898 
1560000140.252304 17.325135148600133 22.398056972979163 2.2804370167340546 
1560000140.285654 17.319438758470834 22.40468832728458 2.2805441467791066 
1560000140.319003 17.31336987667697 22.411752015381087 2.2807478792591502 
1560000140.352352 17.307299143803608 22.418813758510872 2.2810045369214595 
1560000140.385701 17.301223579957945 22.425871679028422 2.2817177354354685 
1560000140.419051 17.295143676666843 22.43292627350776 2.282632988979842 
1560000140.4524 17.289056362255554 22.43997407332072 2.2837066971052553 
1560000140.485749 17.28411588511789 22.445682290064955 2.284699692943501 
1560000140.519099 17.2791457183394 22.451413731040315 2.285694362535865 
1560000140.552448 17.27303677705688 22.45844244831591 2.2867679116329076 
1560000140.585798 17.26924317555541 22.46280147607475 2.287664303405751 
1560000140.619147 17.26538759321173 22.4672219607301 2.288513619410729 
1560000140.652496 17.25925959874583 22.474234106432352 2.2893891834961897 
1560000140.685845 17.25312582150545 22.48124235783604 2.2900216890322267 
1560000140.719195 17.247390336979098 22.48779149142112 2.2903828249981077 
1560000140.752544 17.242787640346165 22.493044264923874 2.29019279519321 
1560000140.78607 17.23816147084482 22.498325916365125 2.290028961416459 
1560000140.819419 17.233148748120392 22.504049189555847 2.2900075998551044 
1560000140.852768 17.227011819165323 22.511055007826627 2.290350289578715 
1560000140.886117 17.2208690461481 22.51805493381715 2.291375581448977 
1560000140.919466 17.214721079886107 22.52505001149212 2.2926159900184784 
1560000140.952816 17.208563620315147 22.53203694709022 2.293882467513801 
1560000140.986165 17.204773049134825 22.53632978432009 2.2946838439328943 
1560000141.019514 17.200435296832953 22.54123361693594 2.2952213010629317 
1560000141.052863 17.1927196650407 22.54995043618063 2.2954219838203347 
1560000141.086212 17.187384833132523 22.55597732448285 2.295421605487067 
1560000141.119561 17.18233582417366 22.561682188119313 2.2952553692108615 
1560000141.15291 17.176164576238246 22.56865744118974 2.2948048655694557 
1560000141.18626 17.169998045207727 22.575636852264324 2.294244349721869 
1560000141.219609 17.164677465658382 22.58166291065815 2.2936904569552725 
1560000141.252958 17.161598823878727 22.585155006391275 2.293239951165696 
1560000141.286307 17.15613052337341 22.59134901220722 2.2941645334087433 
1560000141.319656 17.150810836242936 22.5973678817434 2.2957928258241784 
1560000141.353005 17.147719472793934 22.600848528007464 2.298219641528657 
1560000141.386354 17.143415334911516 22.605669245392296 2.300315744538982 
1560000141.419703 17.138757682547666 22.610874662152465 2.301864606665231 
1560000141.453053 17.1340925162968 22.616072881158352 2.302231159979117 
1560000141.486402 17.12943044939841 22.62127391746395 2.3015760670835044 
1560000141.519751 17.12348123482335 22.62792709986205 2.300016283380049 
1560000141.5531 17.11418424553823 22.638352500384055 2.2968665593338047 
1560000141.586449 17.109728552272344 22.64338195515274 2.2928229933001205 
1560000141.619798 17.105805136580358 22.64786453324891 2.2881878822532875 
1560000141.653147 17.0997013131376 22.65489703352505 2.2826822920001746 
1560000141.686496 17.09482187052255 22.660589066245635 2.2771212407977184 
1560000141.719846 17.090300238857495 22.665913410885718 2.2714845721374686 
1560000141.753195 17.085810764914964 22.671264141142355 2.2656947855536425 
1560000141.786727 17.080168505413766 22.678088707186795 2.259985116892132 
1560000141.820076 17.07468395900636 22.684768831574154 2.254439613765928 
1560000141.853425 17.070286081083086 22.690194619646558 2.2491470850714936 
1560000141.886774 17.067064541974887 22.69421140793343 2.2443306709118196 
1560000141.920123 17.06333282543084 22.698912285607538 2.2399192776031667 
1560000141.953472 17.05756868242998 22.706227187913882 2.2361897905548687 
1560000141.98682 17.05296495676669 22.712114420475523 2.233077574376174 
1560000142.02017 17.048258817959738 22.71815894624192 2.2309149866338194 
1560000142.053519 17.042548064694174 22.72551588231974 2.2306716848794066 
1560000142.086867 17.039096807071672 22.72996315148576 2.230653191142972 
1560000142.120216 17.035409881427245 22.734716078760265 2.2306007974771975 
1560000142.153565 17.029702971908524 22.742075524146045 2.23032203542625 
1560000142.186914 17.02626038326168 22.74652038723257 2.2293675485627236 
1560000142.220263 17.022579722692512 22.751285554602017 2.2280486447563885 
1560000142.253612 17.016895684899215 22.75866284541748 2.226277789651285 
1560000142.286961 17.012351900460423 22.764584772937486 2.224591645575802 
1560000142.32031 17.008107885954015 22.770131870716344 2.222969281917753 
1560000142.353659 17.00387287554203 22.775686107840478 2.221446987133081 
1560000142.387008 16.999645944954658 22.78124744592233 2.2201791434811446 
1560000142.420357 16.995424108325988 22.786812115553158 2.219081901024625 
1560000142.453706 16.991209422307843 22.792380386255495 2.2182346384534197 
1560000142.487055 16.986999804021544 22.797953724689677 2.217330870414373 
1560000142.520404 16.98237754385415 22.804083422549105 2.216412448105301 
1560000142.553753 16.976777509114502 22.811524268381486 2.2154934737440066 
1560000142.587101 16.97341532948584 22.815998229719792 2.2149149005246644 
1560000142.620451 16.969784965408085 22.820835824504435 2.2144435936937894 
1560000142.6538 16.96419763887756 22.82828686533932 2.2140220316904546 
1560000142.687148 16.960845015084942 22.832759658641535 2.213884504745934 
1560000142.720497 16.95721396441439 22.837604027899452 2.2139035018825366 
1560000142.753846 16.951627883441674 22.8450551042637 2.2141213603182757 
1560000142.78738 16.946007734300345 22.852545465596215 2.214712974519109 
1560000142.820729 16.94127478392629 22.858849056866035 2.215425465939658 
1560000142.854078 16.938474746471773 22.862570142513913 2.216211664544713 
1560000142.887427 16.93340854593893 22.869293251924724 2.2167109912759195 
1560000142.920775 16.92866791054716 22.875582341949055 2.2169666763501246 
1560000142.954124 16.925864056625187 22.87929961106278 2.2168292824146114 
1560000142.987473 16.92079325599673 22.88602712184332 2.2166631913293853 
1560000143.020822 16.915622624096034 22.892888114869862 2.2165308513101407 
1560000143.05417 16.911419537795613 22.898466363500766 2.216488712312644 
1560000143.087519 16.907216301246525 22.904044811484503 2.2166194350549655 
1560000143.120868 16.903448742704185 22.909043807735657 2.2168568820615646 
1560000143.154217 16.90064490215198 22.912761059124133 2.2172410743635793 
1560000143.187565 16.895560255779337 22.919494593396912 2.21762538629833 
1560000143.220914 16.890824677896145 22.925763725712017 2.218031865079527 
1560000143.254263 16.888017007440023 22.92947717835829 2.218486982471739 
1560000143.287611 16.884062902803954 22.934699205462522 2.2191156679088553 
1560000143.320961 16.87984355379105 22.94026603692059 2.2197952995655403 
1560000143.354309 16.875620083418728 22.94582905979953 2.2204991052894965 
1560000143.387658 16.87253983014436 22.949877811551172 2.2214057047249374 
1560000143.421007 16.869271549224205 22.954164694384023 2.222537645721704 
1560000143.454355 16.865031541188017 22.959714995957416 2.224058476708915 
1560000143.487704 16.86193666491212 22.96374952746971 2.225956386571238 
1560000143.521053 16.859095703419943 22.96743899732966 2.228212635742293 
1560000143.554402 16.85624605155504 22.971120645835928 2.2310583121113736 
1560000143.58775 16.852207709765462 22.976289452450537 2.2350655068494847 
1560000143.621099 16.84835136905145 22.98119957267009 2.239897338377406 
1560000143.654448 16.845453388728405 22.984844310922433 2.245940098171865 
1560000143.687797 16.84252414137761 22.98846510076547 2.253437440615545 
1560000143.721145 16.83909769572083 22.992639985238476 2.2615512632618926 
1560000143.754494 16.83462730431566 22.998005981498324 2.2702937471922717 
1560000143.788039 16.831323624486814 23.001894152506978 2.2790876074918636 
1560000143.821387 16.82778113731774 23.005992973962158 2.287493093229098 
1560000143.854736 16.823175896350943 23.011244475331328 2.295205440719878 
1560000143.888084 16.818525567725786 23.01645470906475 2.301829808331377 
1560000143.921433 16.813849769186962 23.021642798042453 2.307994591899524 
1560000143.954782 16.809141482731846 23.026802703392363 2.313682128143552 
1560000143.98813 16.803088766778906 23.033347098638252 2.3185154398681296 
1560000144.021478 16.79726986067713 23.039604306309528 2.3229256324440843 
1560000144.054827 16.792490332940396 23.04469678691197 2.3268338854862414 
1560000144.088176 16.786355552493333 23.05116987175807 2.3304470304050433 
1560000144.121524 16.78046618632686 23.05735765528304 2.3338704362276497 
1560000144.154873 16.77563201305729 23.062399189191577 2.3370325262084806 
1560000144.188221 16.76943307169395 23.06881289372343 2.339987716969742 
1560000144.22157 16.762948021268183 23.07549560730335 2.342853936369143 
1560000144.254919 16.75644343636928 23.082160485102563 2.3456253500509687 
1560000144.288267 16.751276527135655 23.087420915307728 2.3483079080382043 
1560000144.321615 16.74582392751521 23.09294474328589 2.350996370916981 
1560000144.354964 16.73926591167177 23.099556190140564 2.353732163944659 
1560000144.388313 16.73268562959436 23.106146379818547 2.3563198612625396 
1560000144.421661 16.726646828578826 23.112174089992592 2.358818511049699 
1560000144.455009 16.721690611474077 23.117094687441817 2.361198983643721 
1560000144.488358 16.715335009254414 23.123368949133642 2.363252972154739 
1560000144.521707 16.709257977434746 23.12935437301631 2.3651067788668945 
1560000144.555055 16.704272537003728 23.134245676526024 2.3666923181128094 
1560000144.588404 16.697883234890618 23.140489717825673 2.3680697045443337 
1560000144.621753 16.69065268277163 23.14754056585496 2.3694185712472473 
1560000144.655101 16.68230882422179 23.155656714288124 2.370790874550294 
1560000144.688449 16.676754464955497 23.161042033773086 2.3722823795026335 
1560000144.721798 16.67116482349707 23.166445876721532 2.373845063522373 
1560000144.755147 16.664460508556246 23.172909752278546 2.375501582705139 
1560000144.788699 16.653428658558237 23.183480142902987 2.3780587857923856 
1560000144.822047 16.64340196283574 23.193071283747457 2.3799350376568302 
1560000144.855396 16.63666202722076 23.199496994296442 2.3802417886895624 
1560000144.888744 16.629924467604244 23.205925729108944 2.3794949355111794 
1560000144.922092 16.623193093907776 23.21236120490135 2.3780143640628872 
1560000144.955441 16.61647224076346 23.218808542321565 2.3755147168531185 
1560000144.988789 16.609776412926962 23.225280528368835 2.372128708592177 
1560000145.022137 16.603679315885632 23.23120175041426 2.368311723763458 
1560000145.055486 16.598688608571223 23.23608941230705 2.363986200267034 
1560000145.088834 16.590919882396165 23.243795108455696 2.3591172529910134 
1560000145.122183 16.583257607628703 23.25144023028282 2.354065132624724 
1560000145.155531 16.57669985747756 23.25805268136253 2.348851848462106 
1560000145.188879 16.570188608299773 23.264709614789414 2.3433964269002305 
1560000145.222228 16.563704557227798 23.271393306258453 2.3378986024153496 
1560000145.255576 16.55725617818565 23.2781113748499 2.332400974451087 
1560000145.288924 16.552216968362078 23.283431124564945 2.327115394637693 
1560000145.322273 16.54631383041336 23.289727750285476 2.321929062903773 
1560000145.355621 16.53838591853469 23.298252291027293 2.316857718087241 
1560000145.388969 16.531856498396483 23.305360948302454 2.311907853265758 
1560000145.422318 16.526137095692214 23.311630460783714 2.307091950740047 
1560000145.455666 16.521456930751015 23.31681311699374 2.302482388981253 
1560000145.489014 16.515482840117485 23.32351279160494 2.297776955932695 
1560000145.522363 16.509307606516156 23.33048440055477 2.2929666297718367 
1560000145.555711 16.503164492504627 23.337483657862442 2.2879964192576723 
1560000145.58906 16.495765477228254 23.34603533159876 2.2825694763023976 
1560000145.622408 16.48926121412437 23.353599391232375 2.2770029484676355 
1560000145.655756 16.484741359051995 23.358923228381126 2.2713222806366686 
1560000145.689105 16.478980037171628 23.365813899941248 2.2655499930934258 
1560000145.722453 16.47250745693946 23.373629346379236 2.259584310996762 
1560000145.755801 16.465130429898934 23.382634687753917 2.2532998764734637 
1560000145.78915 16.45908279662143 23.390141205946207 2.246618151617751 
1560000145.830845 16.45096074975071 23.400374153669123 2.2379663126649616 
1560000145.86423 16.444088768359286 23.40913024658957 2.2308051403242297 
1560000145.897615 16.4398275259949 23.414675210493563 2.223233507357849 
1560000145.931 16.433888448839983 23.422541282513357 2.2154214086844135 
1560000145.964386 16.42692522530158 23.431851984149432 2.2074767680282688 
1560000145.997771 16.42017920290922 23.44107267179596 2.199672582795151 
1560000146.031156 16.41414996977529 23.44942168603065 2.191994085564201 
1560000146.064541 16.408498933747527 23.457361348998784 2.1843686613962454 
1560000146.097926 16.40196899107412 23.466735499902022 2.1764934007462573 
1560000146.131311 16.396142723321493 23.475216414606876 2.1685335895910915 
1560000146.164696 16.39066106860028 23.483319799930147 2.1604442374178876 
1560000146.198081 16.38423224190696 23.493040725860038 2.1518577166636463 
1560000146.231466 16.37874182555274 23.501486862756327 2.142556049824708 
1560000146.264851 16.37380873476714 23.50920276697242 2.1326989128274807 
1560000146.298236 16.36889802549773 23.51712790799739 2.121658731603647 
1560000146.331622 16.363351105358145 23.52631080291332 2.1099316937178174 
1560000146.365007 16.357649810346867 23.53590573490534 2.0976295437862817 
1560000146.398391 16.354187155763928 23.54198034413796 2.0842781385334836 
1560000146.431777 16.34944942227106 23.550588033197947 2.070147844057332 
1560000146.465162 16.3440323480706 23.560615249166126 2.0553945303752696 
1560000146.498547 16.339772358893896 23.568908537484397 2.0396610659209746 
1560000146.531932 16.33501397513231 23.578547266495015 2.0235356101301876 
1560000146.565317 16.33008070780085 23.588807826143363 2.0071214140938047 
1560000146.598702 16.32623079832512 23.597298513103866 1.9903922806501522 
1560000146.632087 16.321949437420695 23.60717078765891 1.97394842383253 
1560000146.665473 16.31753378021851 23.617654544207216 1.957715108275445 
1560000146.698857 16.31410296319953 23.62632327903501 1.9417332826165827 
1560000146.732243 16.31079943691245 23.635040811546624 1.926060055581377 
1560000146.765628 16.307504661138736 23.64406988001457 1.9106373583389662 
1560000146.799013 16.303723567803605 23.655092231893597 1.8956509236151056 
1560000146.831563 16.301034196100336 23.6632166034868 1.8814241023715998 
1560000146.864948 16.298789026384313 23.670346732900143 1.8670997345438818 
1560000146.898334 16.295487918102715 23.681523633596992 1.8529662277596974 
1560000146.931719 16.292702501559003 23.691378031678635 1.838703791170625 
1560000146.965104 16.29027388460184 23.700378699959984 1.824287018046561 
1560000146.998489 16.288023556645282 23.709425858975422 1.809292313508537 
1560000147.031874 16.28621032057173 23.717114308607087 1.7941889507357003 
1560000147.065259 16.284589488556826 23.72445685044463 1.77899227441386 
1560000147.098644 16.282292023505974 23.735881772058555 1.7636063270138023 
1560000147.13203 16.280159072451422 23.74733758481818 1.7480229344136309 
1560000147.165415 16.278202053515777 23.75854639633871 1.7323419691895485 
1560000147.1988 16.276792245467988 23.767763000654156 1.71684928327002 
1560000147.232186 16.275514271949916 23.776997240992447 1.7015546086136855 
1560000147.265571 16.27431246987075 23.786528639303295 1.6863863422375756 
1560000147.298956 16.273077151386072 23.79811643592871 1.671249472459905 
1560000147.332341 16.272248357790616 23.806818014067794 1.656445694782995 
1560000147.365726 16.271645847550577 23.814377923603733 1.641896299208915 
1560000147.399111 16.270919930062092 23.826009158608418 1.627719418240472 
1560000147.432497 16.27040960328178 23.83618274396664 1.6136540458306994 
1560000147.465882 16.2700577993308 23.84519148942821 1.5997105924818076 
1560000147.499267 16.269913889380057 23.852183220521777 1.586133787338214 
1560000147.532652 16.269858799007768 23.860652490662186 1.5727826475094508 
1560000147.566037 16.269885709644868 23.870292316316462 1.5596052349840497 
1560000147.599423 16.27010731178223 23.881944260737754 1.5467037535359787 
1560000147.632808 16.270355749472753 23.890616427799653 1.5344386601153408 
1560000147.666193 16.270636432231054 23.897602346412015 1.522613591479499 
1560000147.699578 16.27102104112656 23.904583889183392 1.511277180864503 
1560000147.732963 16.27158753684102 23.91305657612881 1.5003297376650746 
1560000147.766349 16.272275484586277 23.92235454989175 1.4897530737111633 
1560000147.799734 16.273084178169455 23.931642428174417 1.480088229585502 
1560000147.833119 16.273825198096613 23.939419237894295 1.4708381638211543 
1560000147.866504 16.274543249026916 23.946373969786208 1.4618667662841733 
1560000147.899889 16.275339211130287 23.953321127003594 1.4531975450622574 
1560000147.931506 16.276146478625503 23.959893480857087 1.4450727544882787 
1560000147.964888 16.27707369867141 23.967062617049418 1.4365573247856827 
1560000147.998271 16.27837262532387 23.97629391048414 1.4281370645730307 
1560000148.031653 16.279526877191177 23.98412319523369 1.4198030417446585 
1560000148.065035 16.280595438823116 23.991032582166238 1.4115366348145568 
1560000148.098418 16.281740277107048 23.997929627955052 1.4033652559476062 
1560000148.1318 16.28268824903923 24.003421518356824 1.3949994079297505 
1560000148.165182 16.283565031346352 24.00826196741479 1.3864255569812685 
1560000148.198565 16.28488688025035 24.015128450268318 1.377187418685008 
1560000148.231947 16.28627035461061 24.021981467668912 1.3672738830561315 
1560000148.265329 16.287705667693093 24.02882346331795 1.3568067828821315 
1560000148.298712 16.28924018762837 24.035645391352364 1.3453638645338106 
1560000148.332094 16.290849341504725 24.042449014423724 1.333394551627694 
1560000148.365476 16.29252001118389 24.04923763715018 1.3210349439656217 
1560000148.398859 16.294302864434606 24.05599847134022 1.3082051659254865 
1560000148.432241 16.29576974123678 24.06134260301953 1.2953095360100053 
1560000148.465623 16.29713960961257 24.066098255806875 1.28239628529861 
1560000148.499006 16.2991822500358 24.072785228947883 1.2696431540256214 
1560000148.532388 16.301301358870592 24.079448022243962 1.2573803002356356 
1560000148.56577 16.303481038509492 24.08609145977572 1.2455011624633547 
1560000148.599153 16.305761817190877 24.092700751431767 1.2342415687326689 
1560000148.632535 16.30811157032287 24.099284914838034 1.2232289407286827 
1560000148.665917 16.310515812763413 24.105849422988282 1.212356056741324 
1560000148.699299 16.313011735983256 24.112380846567266 1.2014523104719108 
1560000148.732682 16.315575633998733 24.118884918153803 1.1905709204751038 
1560000148.766064 16.318192827088854 24.125367230822356 1.1797223425842647 
1560000148.799446 16.320900126833973 24.131813303878214 1.1689964501593346 
1560000148.832829 16.323674256386813 24.13823103806925 1.15813386758311 
1560000148.866211 16.32636303154398 24.144326080646408 1.1472298642136425 
1560000148.899593 16.32830628605229 24.148562782991178 1.1365394970988034 
1560000148.932976 16.33158503820562 24.155487703943624 1.1263296118067065 
1560000148.966358 16.335469224584493 24.163586540961152 1.1164856632244051 
1560000148.99974 16.338572551856842 24.169851772919642 1.1072247080790834 
1560000149.028465 16.34128570605349 24.175220965175367 1.0995451322803014 
1560000149.061826 16.344471853098046 24.181438558282707 1.0908641805029604 
1560000149.095186 16.347734759478286 24.18761695555586 1.0827109709259375 
1560000149.128546 16.351035412700636 24.193775177757416 1.0747394587338641 
1560000149.161907 16.354373124822768 24.199913801872835 1.066944011275305 
1560000149.195267 16.357781105794043 24.206013298857236 1.0593594083104834 
1560000149.228627 16.361819446399764 24.213130918180024 1.0517930328079028 
1560000149.261988 16.366437900429947 24.221181039059438 1.0442469003844148 
1560000149.295348 16.36998203109548 24.227202879659348 1.0369110431125383 
1560000149.328709 16.373559779775366 24.2332045396277 1.0295932724883377 
1560000149.362069 16.37714853220641 24.239151617325092 1.0223027974956171 
1560000149.395429 16.379596984593572 24.243113172535967 1.0155709851435974 
1560000149.42879 16.384001462900816 24.25012726872445 1.0089495437588656 
1560000149.46215 16.39014697216532 24.259855066421448 1.0024380813963891 
1560000149.495511 16.392671851781476 24.263769647913826 0.9962762902429169 
1560000149.528871 16.39588241219553 24.268685555015175 0.9900776336818666 
1560000149.562232 16.399724416749596 24.274520940827376 0.9838431745658879 
1560000149.595592 16.4036210701434 24.280320107880566 0.9775394277885632 
1560000149.628953 16.40754582093131 24.28610078341882 0.9713285167030762 
1560000149.662313 16.411530301102633 24.291910755547278 0.9652041786485228 
1560000149.695673 16.416866247439337 24.29954626189084 0.9591491823511821 
1560000149.729033 16.421528119306593 24.306158942245222 0.9531689274902934 
1560000149.762394 16.425546710707604 24.31179779858631 0.9472703734328238 
1560000149.795754 16.428280208968005 24.315568448155382 0.9418905485762317 
1560000149.829115 16.432489275453865 24.32131033685666 0.9368861312426996 
1560000149.862475 16.4379749791031 24.328754484103047 0.9322285738522038 
1560000149.895835 16.442156691471215 24.33435131025995 0.9279503439730362 
1560000149.929196 16.4463567645594 24.33993546001254 0.9239360882856716 
1560000149.962556 16.45057381670373 24.34550733118976 0.9201598894421968 
1560000149.995917 16.45482058257153 24.3510559973752 0.9165214008883132 
1560000150.028854 16.459028553897795 24.356521477112498 0.9129292062843238 
1560000150.062213 16.463273688437116 24.36200509688227 0.9092832207654238 
1560000150.095572 16.46614582925377 24.365672580275152 0.9052896469716635 
1560000150.128931 16.47054262165928 24.371239389497084 0.9013332161790142 
1560000150.16229 16.476296005958943 24.37849412432148 0.8974200957377214 
1560000150.195649 16.480667177164456 24.383944408500206 0.8938884821120451 
1560000150.229008 16.485051748261053 24.389384705136433 0.8908047983135666 
1560000150.262367 16.489448871927518 24.394815502153886 0.8881475665729798 
1560000150.295726 16.4938633199211 24.40023016809731 0.8862860365462204 
1560000150.329085 16.49828516409365 24.405639476722254 0.8846869661080267 
1560000150.362445 16.50271401399508 24.41104388641377 0.8833290077955377 
1560000150.395803 16.50715123034847 24.416439297162817 0.882178188315398 
1560000150.429163 16.511593452568345 24.42183168322783 0.8811779478045393 
1560000150.462522 16.516086121494467 24.42727648455206 0.8803063947797328 
1560000150.495881 16.52202510301285 24.43445365533814 0.8792793292343549 
1560000150.52924 16.526387319375363 24.439718118103162 0.8779307561533608 
1560000150.562599 16.52936413526999 24.443301299501393 0.8762853631394345 
1560000150.595958 16.532350805422958 24.446875886856287 0.8742277723081722 
1560000150.629317 16.536945517632095 24.45235101122041 0.8721132129823036 
1560000150.662676 16.542887622180324 24.459416918972845 0.869941436950816 
1560000150.696035 16.547401317713096 24.46474885698096 0.8675640956556516 
1560000150.729394 16.551925292908457 24.47007263522486 0.8653965737727951 
1560000150.762753 16.556458640077597 24.475388904639207 0.8634154878659145 
1560000150.796112 16.56100543239463 24.480694132030568 0.8615711371550158 
1560000150.829471 16.56638104059582 24.486942069194292 0.8595926713413273 
1560000150.86283 16.572404479839104 24.493924053954338 0.8574766695999749 
1560000150.896189 16.57698565269122 24.49919876540216 0.8548150161351068 
1560000150.929548 16.582409513941517 24.505412630019226 0.8521533626698776 
1560000150.962908 16.5884826076595 24.512346481576888 0.8494951860754819 
1560000150.996267 16.593105774592704 24.517584289206034 0.8469168447383021 
1560000151.02924 16.59768556098348 24.52275263444212 0.8445763721207161 
1560000151.062598 16.602379986904044 24.528031142918444 0.8423948613113628 
1560000151.095956 16.608591116121794 24.53497396641461 0.8403851280203074 
1560000151.129313 16.614812224395546 24.541907700915402 0.8385843318868228 
1560000151.162671 16.6209874878411 24.548772017691725 0.8369666823222548 
1560000151.196029 16.625671569729924 24.55395492053178 0.8353833312765896 
1560000151.229387 16.6312038403379 24.56005635381198 0.8336855627033476 
1560000151.262744 16.637409567379088 24.566885133733305 0.8318984642556144 
1560000151.296102 16.64212038294683 24.572045143853195 0.8303506600678393 
1560000151.32946 16.646835976651314 24.577199644961524 0.8291474757734243 
1560000151.362817 16.651618725961168 24.582417672005327 0.8282534327455471 
1560000151.396175 16.657920158497873 24.58927900565876 0.8277005701597223 
1560000151.429533 16.66337138693171 24.59521027773008 0.8272630208162761 
1560000151.462891 16.66810131268389 24.600352443590033 0.8269381018372199 
1560000151.496248 16.67283106940632 24.60549320687519 0.8269496335617678 
1560000151.529606 16.677562365370935 24.61063344929372 0.8267874243726702 
1560000151.562964 16.682294837090886 24.615773007198747 0.8264885724323882 
1560000151.596321 16.687028445014395 24.6209112622752 0.8263934946726826 
1560000151.629679 16.691762848483275 24.626049627527948 0.8262208790479636 
1560000151.663037 16.69642446872094 24.631108241423018 0.8259770262304068 
1560000151.696394 16.69958145728155 24.634531175367325 0.8255977120226123 
1560000151.729752 16.70447015417213 24.639827281474854 0.8252961884692379 
1560000151.76311 16.71071249212697 24.646587507200437 0.8250797149446796 
1560000151.796468 16.715452575310277 24.651720794584282 0.8252689206156562 
1560000151.829825 16.720190402764672 24.65685531120465 0.8256534376658892 
1560000151.863183 16.724846134480433 24.661904265491135 0.8262340798528809 
1560000151.896541 16.727999418359698 24.665332411812766 0.8274892535127211 
1560000151.929899 16.732885553767915 24.67065988172321 0.8289013435809266 
1560000151.963256 16.739093610004304 24.67743821917315 0.8304778662565284 
1560000151.996614 16.743798085505627 24.682603343881368 0.8327166516404868 
1560000152.02963 16.74759394441509 24.686785218134432 0.8352610505164174 
1560000152.062986 16.75085555287163 24.69039661466803 0.8381292965441708 
1560000152.096343 16.757070321981313 24.69733669465684 0.8415406038670162 
1560000152.129699 16.7624198542767 24.703343422421668 0.8453009868685698 
1560000152.163055 16.767048669572826 24.70857575833226 0.8493767664571273 
1560000152.196412 16.771646122646978 24.71383617098692 0.8539606199583842 
1560000152.229768 16.77622248855114 24.719114528802514 0.858836445003411 
1560000152.263124 16.78077954053177 24.72440958568493 0.8639618484272066 
1560000152.296481 16.78529677388077 24.729738648551738 0.8692562765040391 
1560000152.329837 16.7906112870279 24.73607149275249 0.874570140907632 
1560000152.363194 16.79649928041841 24.74313542190363 0.8798819060592739 
1560000152.39655 16.800931153336165 24.748534341477203 0.884856430504888 
1560000152.429906 16.805342648381952 24.753950828142397 0.889536639574702 
1560000152.463263 16.809658505695392 24.759286273190718 0.8939496847874379 
1560000152.496619 16.81256600771622 24.76292542235685 0.8978529426518808 
1560000152.529975 16.816262049314588 24.76758586459865 0.9015789125402152 
1560000152.563332 16.820590642960365 24.773069001650956 0.9051565656726911 
1560000152.596688 16.824891455617312 24.778574805335616 0.9086334402718342 
1560000152.630044 16.82917740130379 24.784091936212892 0.9119521762382615 
1560000152.663401 16.83336882811141 24.78951325674688 0.9151265477123386 
1560000152.696757 16.836201277000367 24.793210964087894 0.9179993965734154 
1560000152.730114 16.839025259153367 24.79691443572495 0.9207334242108741 
1560000152.76347 16.841841509422913 24.800623052090632 0.9233554562608399 
1560000152.796826 16.844643386436296 24.80434361901303 0.9259440432431126 
1560000152.830183 16.847438238531552 24.808069321645945 0.9284132150816196 
1560000152.863539 16.850141079589772 24.811684366134855 0.9307842308284513 
1560000152.896895 16.851528028039098 24.81355483791209 0.93308860115277 
