#Timestamps x y yaw 
1560244286.276589 1.36961209774 -1.92455112934 1.8754888772999996 
1560244286.309948 1.36961209774 -1.92455112934 1.875486905731707 
1560244286.343307 1.36961209774 -1.92455112934 1.8754596254812754 
1560244286.376666 1.36961209774 -1.92455112934 1.8754526860328615 
1560244286.410024 1.36961209774 -1.92455112934 1.87546352789587 
1560244286.443383 1.36961209774 -1.92455112934 1.875507271734226 
1560244286.476742 1.36961209774 -1.92455112934 1.8755101268993888 
1560244286.510101 1.36961209774 -1.92455112934 1.8754801141617314 
1560244286.543459 1.36961209774 -1.92455112934 1.8754172843481967 
1560244286.576818 1.36961209774 -1.92455112934 1.8754107647023843 
1560244286.610177 1.36961209774 -1.92455112934 1.8754481756168733 
1560244286.643536 1.36961209774 -1.92455112934 1.8755183244958655 
1560244286.676895 1.36961209774 -1.92455112934 1.8755884269111045 
1560244286.710254 1.36961209774 -1.92455112934 1.8756527188196677 
1560244286.743613 1.36961209774 -1.92455112934 1.8756518439443681 
1560244286.776971 1.36961209774 -1.92455112934 1.8756094999364714 
1560244286.81033 1.36961209774 -1.92455112934 1.875543401905033 
1560244286.843689 1.36961209774 -1.92455112934 1.8755425270297337 
1560244286.877048 1.36961209774 -1.92455112934 1.8756039392698052 
1560244286.910407 1.36961209774 -1.92455112934 1.8757003916825248 
1560244286.943765 1.36961209774 -1.92455112934 1.875699437299935 
1560244286.977124 1.36961209774 -1.92455112934 1.875698529586053 
1560244287.010483 1.36961209774 -1.92455112934 1.8757007872270404 
1560244287.043842 1.36961209774 -1.92455112934 1.8757353846254368 
1560244287.077201 1.36961209774 -1.92455112934 1.8757487441328247 
1560244287.110559 1.36961209774 -1.92455112934 1.8757473053571472 
1560244287.143918 1.36961209774 -1.92455112934 1.8757457942112563 
1560244287.17567 1.36961209774 -1.92455112934 1.8757443990977585 
1560244287.209023 1.36961209774 -1.92455112934 1.8757429677351827 
1560244287.242376 1.36961209774 -1.92455112934 1.8757415363726069 
1560244287.275729 1.36961209774 -1.92455112934 1.875778880222033 
1560244287.309083 1.36961209774 -1.92455112934 1.8758452430413162 
1560244287.342436 1.36961209774 -1.92455112934 1.875843732164897 
1560244287.375789 1.36961209774 -1.92455112934 1.8758617163526472 
1560244287.409142 1.36961209774 -1.92455112934 1.8758906994457014 
1560244287.442495 1.36961209774 -1.92455112934 1.8758181771708002 
1560244287.475848 1.36961209774 -1.92455112934 1.8758237129785018 
1560244287.509202 1.36961209774 -1.92455112934 1.8758915962443243 
1560244287.542555 1.36961209774 -1.92455112934 1.8759256308173973 
1560244287.575908 1.36961209774 -1.92455112934 1.8759594899514054 
1560244287.609261 1.36961209774 -1.92455112934 1.875989531804199 
1560244287.642614 1.36961209774 -1.92455112934 1.8759521578349398 
1560244287.675967 1.36961209774 -1.92455112934 1.875954021918487 
1560244287.709321 1.36961209774 -1.92455112934 1.8759838618967495 
1560244287.742674 1.36961209774 -1.92455112934 1.8759464874821128 
1560244287.776027 1.36961209774 -1.92455112934 1.8759681848869993 
1560244287.80938 1.36961209774 -1.92455112934 1.8760334434781243 
1560244287.842733 1.36961209774 -1.92455112934 1.8760316145327243 
1560244287.876087 1.36961209774 -1.92455112934 1.8760495546752545 
1560244287.90944 1.36961209774 -1.92455112934 1.8760873222742158 
1560244287.942793 1.36961209774 -1.92455112934 1.8761920494150874 
1560244287.976146 1.36961209774 -1.92455112934 1.8762372812955175 
1560244288.009499 1.36961209774 -1.92455112934 1.8762395593125791 
1560244288.042853 1.36961209774 -1.92455112934 1.8763088232468577 
1560244288.076205 1.36961209774 -1.92455112934 1.8763577871345287 
1560244288.109559 1.36961209774 -1.92455112934 1.876386479022317 
1560244288.142912 1.36961209774 -1.92455112934 1.876348389376963 
1560244288.176625 1.36961209774 -1.92455112934 1.8763506186680863 
1560244288.209979 1.36961209774 -1.92455112934 1.8763862907033118 
1560244288.243334 1.36961209774 -1.92455112934 1.8764547613740752 
1560244288.276688 1.36961209774 -1.92455112934 1.8765029115985077 
1560244288.310043 1.36961209774 -1.92455112934 1.8765333171057041 
1560244288.343397 1.36961209774 -1.92455112934 1.8765307724080376 
1560244288.376752 1.36961209774 -1.92455112934 1.8765487054332077 
1560244288.410106 1.36961209774 -1.92455112934 1.8765817070507869 
1560244288.44346 1.36961209774 -1.92455112934 1.8766147088074538 
1560244288.476815 1.36961209774 -1.92455112934 1.8766477115115783 
1560244288.51017 1.36961209774 -1.92455112934 1.8766807142179918 
1560244288.543524 1.36961209774 -1.92455112934 1.8767137159746587 
1560244288.576878 1.36961209774 -1.92455112934 1.8767052625422593 
1560244288.610233 1.36961209774 -1.92455112934 1.8766725127122084 
1560244288.643587 1.36961209774 -1.92455112934 1.8767050371837326 
1560244288.676942 1.36961209774 -1.92455112934 1.8767376089406185 
1560244288.710296 1.36961209774 -1.92455112934 1.8767731463585753 
1560244288.743651 1.36961209774 -1.92455112934 1.8768412194040336 
1560244288.777005 1.36961209774 -1.92455112934 1.876847048028013 
1560244288.81036 1.36961209774 -1.92455112934 1.8768084853310156 
1560244288.843714 1.36961209774 -1.92455112934 1.8767699965353692 
1560244288.877069 1.36961209774 -1.92455112934 1.876835538886063 
1560244288.910423 1.36961209774 -1.92455112934 1.876968551306357 
1560244288.943778 1.36961209774 -1.92455112934 1.8770366243584855 
1560244288.977132 1.36961209774 -1.92455112934 1.8770838125358975 
1560244289.010487 1.36961209774 -1.92455112934 1.8771069135413438 
1560244289.043841 1.36961209774 -1.92455112934 1.8770328788023856 
1560244289.077196 1.36961209774 -1.92455112934 1.8770212726325646 
1560244289.11055 1.36961209774 -1.92455112934 1.8770435354745363 
1560244289.143904 1.36961209774 -1.92455112934 1.8769688643801257 
1560244289.177255 1.36961209774 -1.92455112934 1.876894200014075 
1560244289.210608 1.36961209774 -1.92455112934 1.8768227960603943 
1560244289.243961 1.36961209774 -1.92455112934 1.876783592680613 
1560244289.277314 1.36961209774 -1.92455112934 1.8767865903159464 
1560244289.310668 1.36961209774 -1.92455112934 1.876815214104328 
1560244289.344021 1.36961209774 -1.92455112934 1.8768115561807093 
1560244289.377374 1.36961209774 -1.92455112934 1.8767868048671568 
1560244289.410727 1.36961209774 -1.92455112934 1.8767578719950033 
1560244289.44408 1.36961209774 -1.92455112934 1.8768253049903805 
1560244289.477433 1.36961209774 -1.92455112934 1.8769138936506662 
1560244289.510787 1.36961209774 -1.92455112934 1.8770064205048498 
1560244289.54414 1.36961209774 -1.92455112934 1.8770028421017453 
1560244289.577493 1.3691920266733961 -1.9232227836539062 1.8770472704893457 
1560244289.610846 1.36855959892 -1.92122292519 1.8771204012713818 
1560244289.644199 1.36855959892 -1.92122292519 1.8771615126402346 
1560244289.677552 1.36855959892 -1.92122292519 1.8772026244206057 
1560244289.710906 1.36855959892 -1.92122292519 1.8772401551908047 
1560244289.744259 1.36855959892 -1.92122292519 1.8772458011139241 
1560244289.777612 1.3681368799335278 -1.9198867081678985 1.8772086581879681 
1560244289.810965 1.36750674248 -1.91789484024 1.877124954817789 
1560244289.844318 1.36750674248 -1.91789484024 1.8768818637926477 
1560244289.877671 1.3670835004925366 -1.916554501948227 1.8766816383632088 
1560244289.911024 1.366382375293489 -1.9143341445664837 1.8765467101298758 
1560244289.944378 1.3656812320710356 -1.912113658879828 1.8767300077506912 
1560244289.977731 1.3649798150033694 -1.9098933170986225 1.8768487378504681 
1560244290.011084 1.3642035547918099 -1.9074369381510818 1.8769216150645212 
1560244290.044437 1.3627999566029458 -1.902996570869995 1.8769627266360795 
1560244290.07779 1.3618224796117637 -1.8999043400057816 1.8769767495891865 
1560244290.111143 1.3610447542650956 -1.8974440984842622 1.8769732507083998 
1560244290.144497 1.3596410431203403 -1.8930036254114395 1.8769697517674595 
1560244290.178133 1.3577933303654601 -1.8871541745773006 1.8767248758912563 
1560244290.211488 1.3557730899995015 -1.8807554863450846 1.876334733411905 
1560244290.244841 1.3543732192146571 -1.876313894528238 1.8759760185158876 
1560244290.278195 1.3529742049514115 -1.8718719119435698 1.875793273415802 
1560244290.311549 1.351491639184176 -1.8671625545387087 1.8757357837938433 
1560244290.344903 1.3493940791207246 -1.8604992208440916 1.8758033777629262 
1560244290.378257 1.3472961300670196 -1.853836055088736 1.8758488896601901 
1560244290.411611 1.3451979426050225 -1.8471729878538468 1.8758765953747507 
1560244290.444965 1.3430997613640927 -1.8405099403561698 1.8758730964171262 
1560244290.478319 1.341002060599942 -1.8338466470382806 1.8757589080675607 
1560244290.511673 1.3389047384668067 -1.82718322396018 1.8756086003120034 
1560244290.545027 1.3368079736245588 -1.820519731219988 1.8756761942810865 
1560244290.578381 1.3347108609125835 -1.813856288176067 1.875728630975078 
1560244290.611735 1.332613440586125 -1.8071929189938467 1.875780918610702 
1560244290.645089 1.330515348865234 -1.8005299032679347 1.8758953498577902 
1560244290.678443 1.3284170863498392 -1.7938668199995416 1.8758984823979932 
1560244290.711797 1.3262295594236555 -1.7869200209302016 1.8758262518587934 
1560244290.745151 1.3234329982211106 -1.778035549494226 1.8756919386712891 
1560244290.778505 1.3210769126651085 -1.7705470424021896 1.8755353292489725 
1560244290.811859 1.3189811921146262 -1.7638831584668755 1.8753793680106532 
1560244290.845213 1.3168864948515107 -1.7572189500282673 1.8753162272909836 
1560244290.878567 1.3143510810693542 -1.7491543260091895 1.8754098216385011 
1560244290.911922 1.3116489234956887 -1.7405608496587526 1.8755859367158325 
1560244290.945275 1.3095521390846014 -1.7338975474509104 1.8757003660546385 
1560244290.978629 1.3074553952944594 -1.7272340044257244 1.8756575507521573 
1560244291.011983 1.30535906414987 -1.7205703631993008 1.8754901624854816 
1560244291.045337 1.3032649235462663 -1.71390591619233 1.875107183029214 
1560244291.078691 1.3011728507748308 -1.7072408639667045 1.8747930976968423 
1560244291.112045 1.2988004733533494 -1.6996742545138197 1.8744864699093375 
1560244291.145399 1.2946268441537463 -1.6863409708285761 1.8739733148640747 
1560244291.178974 1.2917691323741178 -1.677203356254919 1.8736330880049625 
1560244291.212329 1.2897858240990043 -1.6708546221246119 1.8734146910777447 
1560244291.245684 1.288398120053075 -1.6664088796004048 1.8733179891770295 
1560244291.279038 1.2870103018969357 -1.6619633667119342 1.8734045004733102 
1560244291.312393 1.2856221277292106 -1.6575178527011531 1.8736023695626784 
1560244291.345747 1.2842326343425847 -1.6530728734636753 1.873860976126506 
1560244291.379102 1.2832915443195603 -1.6500649238662752 1.8742573806212766 
1560244291.412457 1.282595486730637 -1.6478427447503354 1.874671479054699 
1560244291.445812 1.2818986127686887 -1.6456208277822952 1.87475243508669 
1560244291.479166 1.28165364265 -1.64483976364 1.874672137971045 
1560244291.512521 1.2815496464885008 -1.644507729276589 1.8744885930429118 
1560244291.545876 1.2808536473022256 -1.6422855737333653 1.8742149489417117 
1560244291.57923 1.28061032295 -1.64150869846 1.8739644315797601 
1560244291.612585 1.28061032295 -1.64150869846 1.8737747295272278 
1560244291.645939 1.28061032295 -1.64150869846 1.873856398553541 
1560244291.679294 1.28061032295 -1.64150869846 1.8740075793307271 
1560244291.712649 1.2807169784678243 -1.6418492745966902 1.8741958262120961 
1560244291.746003 1.2814128732638475 -1.6440714302432746 1.8743841337060265 
1560244291.779358 1.28165352345 -1.64483988285 1.8744096621674509 
1560244291.812713 1.28165352345 -1.64483988285 1.8743326204957038 
1560244291.846067 1.28165352345 -1.64483988285 1.8741656236360111 
1560244291.879422 1.28165352345 -1.64483988285 1.8740218936973052 
1560244291.912777 1.28165352345 -1.64483988285 1.8739238529272702 
1560244291.946131 1.28165352345 -1.64483988285 1.8740055223430114 
1560244291.979486 1.28165352345 -1.64483988285 1.874063854870077 
1560244292.012841 1.28165352345 -1.64483988285 1.8741002458273464 
1560244292.046195 1.28165352345 -1.64483988285 1.8740847389771846 
1560244292.07955 1.28165352345 -1.64483988285 1.8739753920567872 
1560244292.112905 1.28165352345 -1.64483988285 1.8738405781820044 
1560244292.146259 1.28165352345 -1.64483988285 1.8738250714057856 
1560244292.179796 1.28165352345 -1.64483988285 1.873856923310395 
1560244292.213151 1.28165352345 -1.64483988285 1.873900545379151 
1560244292.246507 1.28165352345 -1.64483988285 1.8738850376422314 
1560244292.279862 1.28165352345 -1.64483988285 1.8738932693764934 
1560244292.313217 1.28165352345 -1.64483988285 1.873907190395151 
1560244292.346572 1.28165352345 -1.64483988285 1.8738916831016108 
1560244292.379927 1.28165352345 -1.64483988285 1.873852314345711 
1560244292.413282 1.28165352345 -1.64483988285 1.8738073820653747 
1560244292.446638 1.28165352345 -1.64483988285 1.8737918742176107 
1560244292.479993 1.28165352345 -1.64483988285 1.8737763669240703 
1560244292.513348 1.28165352345 -1.64483988285 1.8737547775225059 
1560244292.546703 1.28165352345 -1.64483988285 1.873704358933899 
1560244292.580058 1.28165352345 -1.64483988285 1.8736779954109273 
1560244292.613414 1.28165352345 -1.64483988285 1.8736506628211445 
1560244292.646769 1.28165352345 -1.64483988285 1.8735646971535693 
1560244292.680124 1.28165352345 -1.64483988285 1.8734547135555524 
1560244292.713479 1.28165352345 -1.64483988285 1.873339611947535 
1560244292.746834 1.28165352345 -1.64483988285 1.8732537253951038 
1560244292.78019 1.28165352345 -1.64483988285 1.8732401540222838 
1560244292.813545 1.28165352345 -1.64483988285 1.8732415710734036 
1560244292.8469 1.28165352345 -1.64483988285 1.8731556845143014 
1560244292.880255 1.28165352345 -1.64483988285 1.8731423774816474 
1560244292.91361 1.28165352345 -1.64483988285 1.8731565818612617 
1560244292.946965 1.28165352345 -1.64483988285 1.8731417107615396 
1560244292.98032 1.28165352345 -1.64483988285 1.8730783332563599 
1560244293.013676 1.28165352345 -1.64483988285 1.8729992061066139 
1560244293.047031 1.28165352345 -1.64483988285 1.8729500599123152 
1560244293.080386 1.28165352345 -1.64483988285 1.8728522122231455 
1560244293.113741 1.28165352345 -1.64483988285 1.8727253742897956 
1560244293.147096 1.28165352345 -1.64483988285 1.872569665889708 
1560244293.180623 1.28165352345 -1.64483988285 1.8725115116086521 
1560244293.213978 1.28165352345 -1.64483988285 1.8724773355142685 
1560244293.247334 1.28165352345 -1.64483988285 1.8723571704249702 
1560244293.28069 1.28165352345 -1.64483988285 1.8723109742701758 
1560244293.314046 1.28165352345 -1.64483988285 1.8722904385104067 
1560244293.347401 1.28165352345 -1.64483988285 1.872241292316108 
1560244293.380757 1.28165352345 -1.64483988285 1.872167453643779 
1560244293.414113 1.28165352345 -1.64483988285 1.872103830228926 
1560244293.447469 1.28165352345 -1.64483988285 1.8721257001126146 
1560244293.480824 1.28165352345 -1.64483988285 1.8721228073824572 
1560244293.51418 1.28165352345 -1.64483988285 1.872102429741238 
1560244293.547536 1.28165352345 -1.64483988285 1.8720547931544615 
1560244293.580892 1.28165352345 -1.64483988285 1.8719822660436367 
1560244293.614247 1.28165352345 -1.64483988285 1.8719133855717516 
1560244293.647603 1.28165352345 -1.64483988285 1.871901297547862 
1560244293.680959 1.28165352345 -1.64483988285 1.8718642481546415 
1560244293.714314 1.28165352345 -1.64483988285 1.871809390661461 
1560244293.74767 1.28165352345 -1.64483988285 1.8717262055694381 
1560244293.781026 1.28165352345 -1.64483988285 1.8716680531962684 
1560244293.814382 1.28165352345 -1.64483988285 1.8716131376506684 
1560244293.847738 1.28165352345 -1.64483988285 1.8715300320859807 
1560244293.881093 1.28165352345 -1.64483988285 1.8715472338824772 
1560244293.914449 1.28165352345 -1.64483988285 1.8715767152262728 
1560244293.947805 1.28165352345 -1.64483988285 1.8714935301275788 
1560244293.981161 1.28165352345 -1.64483988285 1.8714858748173018 
1560244294.014516 1.28165352345 -1.64483988285 1.87149465877743 
1560244294.047872 1.28165352345 -1.64483988285 1.871447976512002 
1560244294.081228 1.28165352345 -1.64483988285 1.8713509108255444 
1560244294.114583 1.28165352345 -1.64483988285 1.8712482786728515 
1560244294.147939 1.28165352345 -1.64483988285 1.8712015966300204 
1560244294.181457 1.28165352345 -1.64483988285 1.871154744557155 
1560244294.214814 1.28165352345 -1.64483988285 1.8711081404814351 
1560244294.24817 1.28165352345 -1.64483988285 1.8710615377433422 
1560244294.281526 1.28165352345 -1.64483988285 1.871014934672146 
1560244294.314883 1.28165352345 -1.64483988285 1.8709683130860257 
1560244294.348239 1.28165352345 -1.64483988285 1.8709216308139265 
1560244294.381595 1.28165352345 -1.64483988285 1.87087500606573 
1560244294.414952 1.28165352345 -1.64483988285 1.8708441885739977 
1560244294.448308 1.28165352345 -1.64483988285 1.870868603319062 
1560244294.481664 1.28165352345 -1.64483988285 1.870815937579537 
1560244294.515021 1.28165352345 -1.64483988285 1.8707261286797217 
1560244294.548377 1.28165352345 -1.64483988285 1.870609860403151 
1560244294.581733 1.28165352345 -1.64483988285 1.8705967375579358 
1560244294.61509 1.28165352345 -1.64483988285 1.8706065474441853 
1560244294.648446 1.28165352345 -1.64483988285 1.870561296556449 
1560244294.681803 1.28165352345 -1.64483988285 1.8705678240036867 
1560244294.715159 1.28165352345 -1.64483988285 1.8705693814825377 
1560244294.748515 1.28165352345 -1.64483988285 1.8704886617178855 
1560244294.781871 1.28165352345 -1.64483988285 1.8704597503066245 
1560244294.815228 1.28165352345 -1.64483988285 1.8704746370867638 
1560244294.848584 1.28165352345 -1.64483988285 1.8705715803343506 
1560244294.88194 1.28165352345 -1.64483988285 1.870564554287858 
1560244294.915297 1.28165352345 -1.64483988285 1.8705359028348227 
1560244294.948653 1.28165352345 -1.64483988285 1.870561749065245 
1560244294.982009 1.28165352345 -1.64483988285 1.8706136756335792 
1560244295.015366 1.28165352345 -1.64483988285 1.870658366770385 
1560244295.048722 1.28165352345 -1.64483988285 1.8706485849682266 
1560244295.082078 1.28165352345 -1.64483988285 1.870631606417228 
1560244295.115435 1.28165352345 -1.64483988285 1.8705891263069712 
1560244295.148791 1.28165352345 -1.64483988285 1.8704727782329085 
1560244295.182273 1.28165352345 -1.64483988285 1.8704613789793918 
1560244295.21563 1.28165352345 -1.64483988285 1.8704698969201718 
1560244295.248987 1.28165352345 -1.64483988285 1.8704245653167357 
1560244295.282344 1.28165352345 -1.64483988285 1.8702999797575437 
1560244295.315701 1.28165352345 -1.64483988285 1.8701741807903138 
1560244295.349058 1.28165352345 -1.64483988285 1.8701289287164864 
1560244295.382415 1.28165352345 -1.64483988285 1.8701630973963677 
1560244295.415771 1.28165352345 -1.64483988285 1.8702331274990691 
1560244295.449128 1.28165352345 -1.64483988285 1.8703299939887343 
1560244295.482485 1.28165352345 -1.64483988285 1.8703209859820782 
1560244295.515842 1.28165352345 -1.64483988285 1.8702497384235568 
1560244295.549199 1.28165352345 -1.64483988285 1.8700983933970936 
1560244295.582556 1.28165352345 -1.64483988285 1.8698404551968288 
1560244295.615912 1.28165352345 -1.64483988285 1.8695737775953059 
1560244295.649269 1.28165352345 -1.64483988285 1.8693869632141227 
1560244295.682626 1.28165352345 -1.64483988285 1.869413933263873 
1560244295.715983 1.28165352345 -1.64483988285 1.869493374798293 
1560244295.74934 1.28165352345 -1.64483988285 1.8695197786569913 
1560244295.782697 1.28165352345 -1.64483988285 1.8694121141091622 
1560244295.816053 1.28165352345 -1.64483988285 1.8692970768859667 
1560244295.84941 1.28165352345 -1.64483988285 1.8692879309756378 
1560244295.882767 1.2811354891405193 -1.643156391661485 1.8693255237401267 
1560244295.916124 1.28062689304 -1.64150357246 1.8693329069775066 
1560244295.949481 1.28062689304 -1.64150357246 1.8692097163474721 
1560244295.982838 1.28062689304 -1.64150357246 1.8690595015803626 
1560244296.016195 1.2804493293617254 -1.6409257989954642 1.8689467952983483 
1560244296.049551 1.2797652393025474 -1.6386998421590955 1.8689656431699933 
1560244296.082908 1.27960145473 -1.63816690445 1.8692007391962389 
1560244296.116265 1.279422183823459 -1.6375845393146864 1.869429513300493 
1560244296.149622 1.2787370436010146 -1.635358847561064 1.8694483616144673 
1560244296.183113 1.2780493267630628 -1.63312419138815 1.869303865608788 
1560244296.21647 1.2775478363 -1.63149452209 1.8691000559288944 
1560244296.249828 1.2775478363 -1.63149452209 1.868870208520155 
1560244296.283185 1.2764968621436235 -1.6280710748285725 1.8686676419358628 
1560244296.316542 1.2753145442465184 -1.6242196023872737 1.868530853153936 
1560244296.3499 1.27463128503722 -1.6219932637591599 1.8685497817705041 
1560244296.383258 1.2739475377484601 -1.6197670559593413 1.8688700544007901 
1560244296.416615 1.2730770185455995 -1.6169353233397443 1.8692145113330152 
1560244296.449972 1.2717072882539446 -1.612483759554083 1.8693843855631624 
1560244296.48333 1.2703371400446455 -1.6080322211614584 1.8694169475880362 
1560244296.516687 1.2689674125090726 -1.6035807214401847 1.8692630303410656 
1560244296.550045 1.2675989057858752 -1.599128600904441 1.8687222924298075 
1560244296.583403 1.2662333591948551 -1.59467561699595 1.8681539882553144 
1560244296.61676 1.2648696001393218 -1.590222262165648 1.8676268668171725 
1560244296.650117 1.2635081473721914 -1.5857681746846155 1.8672283482232417 
1560244296.683475 1.26214824875647 -1.581313416788218 1.8669679039343183 
1560244296.716833 1.2607888308378916 -1.5768585126348484 1.866865781395885 
1560244296.75019 1.2594295188716063 -1.572403767678182 1.8670712051476401 
1560244296.783547 1.2575385138672324 -1.5662128037484506 1.867304410391738 
1560244296.816905 1.2554966207685125 -1.559531364320333 1.8675354657624854 
1560244296.850262 1.2534531991843467 -1.552850678414954 1.8677408895142402 
1560244296.88362 1.2519414686350003 -1.547911248375517 1.867862989985134 
1560244296.916977 1.250578172856598 -1.5434577115846777 1.867892278204381 
1560244296.950335 1.2492149947675808 -1.5390040004132592 1.8677453031091056 
1560244296.983692 1.246784735369051 -1.5310579718203752 1.8675704593099662 
1560244297.01705 1.2442553070924898 -1.5227848097300352 1.867377795222007 
1560244297.050407 1.2422141918469625 -1.5161033285352405 1.8671597263291817 
1560244297.083765 1.240174379372094 -1.5094212333644674 1.867025443022338 
1560244297.117122 1.2383306077244707 -1.5033791887664734 1.866893536401052 
1560244297.15048 1.2369718899115667 -1.4989240672613056 1.8667110113840653 
1560244297.183937 1.2345790834248465 -1.491067336919905 1.8663592278778305 
1560244297.217295 1.23207349812233 -1.4828335520762725 1.8658888831042506 
1560244297.250653 1.2300023423867317 -1.476011909603102 1.8652088856923028 
1560244297.284011 1.2279698803413113 -1.469296880222434 1.8644442505491503 
1560244297.317369 1.225751212713924 -1.4619517558898394 1.8637518799151536 
1560244297.350727 1.2230629523663779 -1.4530327218692165 1.8632851067362313 
1560244297.384085 1.221446051001142 -1.4476624143165548 1.8631010770146552 
1560244297.417443 1.2197045135517177 -1.4418781556731723 1.8631814407177767 
1560244297.450801 1.2170173063189629 -1.4329588672782354 1.863716050849327 
1560244297.484159 1.2148596854296152 -1.4258210310031965 1.8647044219921391 
1560244297.517517 1.2128322905472904 -1.4191351482936638 1.865903286155526 
1560244297.550875 1.2107960478962796 -1.4124520445080284 1.867326262116916 
1560244297.584234 1.2087801470812813 -1.4058770883483995 1.8688061436169394 
1560244297.617592 1.206742669341675 -1.3992581844961367 1.8703580286177086 
1560244297.65095 1.2046334670027474 -1.3924482770112208 1.8720651921516782 
1560244297.684308 1.202544570063259 -1.3857518931277624 1.8737724141780434 
1560244297.717666 1.2002424311304325 -1.3784108616238946 1.8755443783604722 
1560244297.751024 1.1974397242598787 -1.369527139797978 1.8774648370104594 
1560244297.784382 1.1957541980851423 -1.364221340348244 1.8794709963113923 
1560244297.81774 1.1938981980968162 -1.3584291976421212 1.8815957713336162 
1560244297.851098 1.191040136974019 -1.349563131913558 1.8839426009109763 
1560244297.884456 1.189322318242915 -1.3442786301154552 1.886404093241174 
1560244297.917814 1.187647228494842 -1.3391711747234798 1.8888510666434681 
1560244297.951172 1.1854555658084989 -1.3325373329977104 1.8912037815888365 
1560244297.98453 1.1826480327567161 -1.324122424616839 1.893470178441327 
1560244298.017888 1.1801488416016488 -1.3166597091075067 1.8956942030140342 
1560244298.051246 1.1786578662877218 -1.3122471475042479 1.8978692279726617 
1560244298.084605 1.17654523692233 -1.3060498428649965 1.8998713124250068 
1560244298.117962 1.1742823427009266 -1.2994402361834427 1.901810834577259 
1560244298.15132 1.1720063074442166 -1.2928348983983677 1.9037015392484815 
1560244298.184772 1.1697072311554337 -1.2862167131966873 1.9058587355267111 
1560244298.218131 1.1676493193930686 -1.280318304870901 1.9080468095235843 
1560244298.251489 1.1661041036555402 -1.2759244331466035 1.910186283944242 
1560244298.284848 1.163270027372846 -1.2679415051230947 1.9124130878491667 
1560244298.318207 1.1606445125952498 -1.2605693006440448 1.914716045703934 
1560244298.351565 1.159069472581932 -1.2561860066000703 1.9171397653712503 
1560244298.384924 1.1568259553027542 -1.2500111987733413 1.9200303576818316 
1560244298.418283 1.1541660001278304 -1.242745964596572 1.923249173526158 
1560244298.451641 1.1509365246743208 -1.234008343015643 1.9269443882433996 
1560244298.485 1.14901473794178 -1.2288753313059237 1.9311662425182305 
1560244298.518359 1.147092241886169 -1.223814940056388 1.9358124178208378 
1560244298.551717 1.1445836442710688 -1.217294272334412 1.9411066229296228 
1560244298.585076 1.1427346427758813 -1.2125798063262467 1.9470757486182484 
1560244298.618435 1.1407250754643192 -1.2075477143831006 1.953465983320993 
1560244298.651793 1.1380972719428712 -1.2010742399922594 1.9604301676718112 
1560244298.685152 1.1354110496103909 -1.1946246520290715 1.9679241213052883 
1560244298.71851 1.1326880914631374 -1.1881908182788787 1.9756448478723498 
1560244298.751869 1.1299146526126242 -1.1817782102506782 1.9836043175398201 
1560244298.785228 1.1278671727936014 -1.1771581189412912 1.991327764694345 
1560244298.818586 1.1256297342973276 -1.1722116409284002 1.998979182069253 
1560244298.851945 1.1227085416804619 -1.1658649326190962 2.0065833178958727 
1560244298.885304 1.1205574594864223 -1.1612980922482405 2.0143056472053815 
1560244298.918662 1.1182043892739293 -1.15639976216765 2.0220344786639144 
1560244298.952021 1.115137490956885 -1.1501221686331162 2.029729362415687 
1560244298.98538 1.1120120214608595 -1.1438736057079297 2.0370684916277306 
1560244299.018739 1.107753270548383 -1.1355695577123448 2.0467898218308123 
1560244299.052097 1.1012760272844038 -1.1231887353368384 2.0613621478344313 
1560244299.085456 1.0983560758917168 -1.1177457823587955 2.069910903938735 
1560244299.118814 1.0957298132768107 -1.1129761331078059 2.0773458508955467 
1560244299.152173 1.0923211506172228 -1.1068773963160372 2.084898705457623 
1560244299.185605 1.0898220103206415 -1.1024978964211227 2.0926176053814203 
1560244299.218964 1.0870813985698016 -1.0977808222925365 2.1004942029958 
1560244299.252323 1.0835312535951456 -1.091763383435122 2.1086510183780827 
1560244299.285683 1.0799175005586494 -1.085783643780961 2.117167941484382 
1560244299.319042 1.076264935290045 -1.0798278583796201 2.125922878753459 
1560244299.352401 1.0725607866359557 -1.0739039087840865 2.1350037813600067 
1560244299.385761 1.0698546741739703 -1.0696800549952443 2.1445056101557145 
1560244299.41912 1.0673101606901625 -1.0657788545710132 2.154318243569837 
1560244299.452479 1.0647278610980417 -1.061902382894904 2.164571725881958 
1560244299.485838 1.0609739860917686 -1.0564332192119525 2.175005977759072 
1560244299.519198 1.0569791857637238 -1.050701247741058 2.185485280400789 
1560244299.552557 1.052926040812805 -1.0450104130424078 2.195987460056956 
1560244299.585916 1.0499717746920239 -1.0409698249073165 2.2064594630100265 
1560244299.619275 1.0471898366898014 -1.0372342009717805 2.216901133697874 
1560244299.652635 1.0443700417380632 -1.0335267826412937 2.2272969850834956 
1560244299.685994 1.040274151017393 -1.0282950477859938 2.23769250726698 
1560244299.719353 1.0359288888761589 -1.0228241855138327 2.2479370578260807 
1560244299.752713 1.031529723708828 -1.017396056329742 2.257906483939631 
1560244299.786072 1.029616797502458 -1.015081931787196 2.267480492044322 
1560244299.819431 1.0270332934239945 -1.0120419163717165 2.2768483494567056 
1560244299.85279 1.0224810710515264 -1.0067418334468083 2.28596472433695 
1560244299.88615 1.0191901222759256 -1.0029919147634083 2.294711242447001 
1560244299.919509 1.0155320184240555 -0.9988935655889969 2.3031794428766514 
1560244299.952868 1.0108440310838993 -0.9937131419427734 2.3112604408828306 
1560244299.986228 1.0088529056003792 -0.9915478356943015 2.3190054197439607 
1560244300.019587 1.006189922635717 -0.988714416856637 2.326636617222541 
1560244300.052946 1.001284289676686 -0.9835413300833743 2.334149022019996 
1560244300.086305 0.997812590605022 -0.9799460593944113 2.341783942161738 
1560244300.119665 0.9951521497970514 -0.9772170573352632 2.3494516369912097 
1560244300.153024 0.9935116046319769 -0.9755640651185231 2.3571417670194896 
1560244300.186383 0.9874999287166569 -0.9697400050307025 2.3718194824694536 
1560244300.219743 0.9820112856570784 -0.9644666631782428 2.384803178029462 
1560244300.253102 0.9786148550172438 -0.9612792485491606 2.392955120583033 
1560244300.284168 0.9754211652871391 -0.958344112741668 2.4004900606956396 
1560244300.31752 0.9719758377212356 -0.9552112462477067 2.408488117268498 
1560244300.350873 0.9685043108642141 -0.952107101974667 2.4162963490151737 
1560244300.384225 0.9650042884719613 -0.9490354356224528 2.4239906312567667 
1560244300.417578 0.9614865398868171 -0.9459838506648701 2.4316246884431485 
1560244300.45093 0.9579446197926683 -0.9429604659236557 2.4391839653531413 
1560244300.484282 0.954375146770807 -0.939969750338502 2.4468571995706276 
1560244300.517634 0.9507885095723473 -0.9369996659338821 2.454558647338027 
1560244300.550987 0.9471779021660279 -0.9340584184625752 2.4622604812710853 
1560244300.584339 0.9435404258091332 -0.9311508239260413 2.4699332846628024 
1560244300.617692 0.9393590801833709 -0.9278549688416291 2.4776101963732695 
1560244300.651044 0.9339508760100862 -0.9236538239824115 2.4853116456369757 
1560244300.684396 0.9298586975766502 -0.9205285555540929 2.493068228736719 
1560244300.717748 0.9266452585097018 -0.9181017679387145 2.5008897191428057 
1560244300.751101 0.9247352791993697 -0.9166884230092539 2.5088399263713064 
1560244300.784453 0.9197959761841941 -0.9131161762075412 2.5167900159697436 
1560244300.817806 0.9147034305805187 -0.9094610799719676 2.524747921363259 
1560244300.851158 0.9108953917455592 -0.9067806745162287 2.532722383048137 
1560244300.88451 0.9086143116464237 -0.9052026673213805 2.540725552534803 
1560244300.917863 0.9054910497395198 -0.9030909921267999 2.54869166395942 
1560244300.951215 0.8996845034271548 -0.8992079010573166 2.5565594698060288 
1560244300.984567 0.8970030177429571 -0.8974413724934092 2.5643984773755437 
1560244301.01792 0.894436170824592 -0.8957879429343714 2.5720983072077375 
1560244301.051272 0.8905061923674493 -0.8932897113787822 2.5795042209232286 
1560244301.084624 0.8849487264835671 -0.8898272437317933 2.586217756123566 
1560244301.117977 0.8802494571682123 -0.8869165220802808 2.592537741370084 
1560244301.151329 0.8782602104594743 -0.8857064264870664 2.5983450551653875 
1560244301.184681 0.8746348596328312 -0.8835399011382925 2.6042100764130276 
1560244301.218034 0.8712611854529366 -0.8815356041399472 2.6101892223742915 
1560244301.251386 0.8692507123874147 -0.8803610953728624 2.6163874288989586 
1560244301.285216 0.8655899242270148 -0.8782651295527223 2.6230281023100925 
1560244301.31857 0.8621937705783492 -0.8763334869085333 2.629741343402176 
1560244301.351924 0.8601187280959511 -0.8751759114926506 2.6366605860307133 
1560244301.385278 0.8563673486010347 -0.8731296006640278 2.64378667997315 
1560244301.418632 0.852953101125041 -0.871281183010649 2.651049126395396 
1560244301.451985 0.8508958131217917 -0.8701906132205368 2.658500896052921 
1560244301.485339 0.8453783951797575 -0.8673397836100951 2.6660123230607278 
1560244301.518693 0.8405503326546967 -0.8648593063066105 2.6735355578600632 
1560244301.552047 0.8384689553817644 -0.8638152578527206 2.6810586868093997 
1560244301.585401 0.8328807146478876 -0.8610861371911294 2.688641339695233 
1560244301.618755 0.827297571281388 -0.8583846350431062 2.6963551554823173 
1560244301.652109 0.8230879487347285 -0.8563927838698321 2.7043045883463463 
1560244301.685462 0.8206306305860741 -0.8552562606807974 2.7125215257021225 
1560244301.718817 0.8170699220640989 -0.8536566670789258 2.7208511026627833 
1560244301.75217 0.8106838267093549 -0.8508257139023934 2.729297880332191 
1560244301.785524 0.8042673676581136 -0.8480640280298548 2.7380130764978596 
1560244301.818878 0.7985648101784951 -0.8456465311471821 2.746846723293301 
1560244301.852232 0.7942593130796876 -0.8438713545421899 2.755810319429161 
1560244301.885586 0.7899338379931186 -0.8421456047599107 2.7649830607180577 
1560244301.918939 0.7855966001855212 -0.8404500999307478 2.7743043910348595 
1560244301.952293 0.7812436593816645 -0.838794695762983 2.7838363445306378 
1560244301.985647 0.775134964106661 -0.8365617530474997 2.793548059627632 
1560244302.019001 0.7686474193358706 -0.8342370531115323 2.8033379252047594 
1560244302.052355 0.762047663730917 -0.8319473273769207 2.813225411581787 
1560244302.085709 0.7554212107506961 -0.8297364839135712 2.822910088563431 
1560244302.119063 0.7487790093830833 -0.8275737011881209 2.832503749610588 
1560244302.152416 0.7421158662095979 -0.8254762408586708 2.8420000327627255 
1560244302.185771 0.7372500428841281 -0.8240011826527356 2.8514677700694984 
1560244302.219124 0.732071588771477 -0.8224846606813289 2.860973559768479 
1560244302.252478 0.7253512856156537 -0.8205778882775231 2.8705766057077957 
1560244302.285832 0.7204493237175867 -0.8192446831061477 2.880354254424599 
1560244302.319186 0.7152247534212293 -0.8178778295225284 2.8901204642086817 
1560244302.35254 0.7084516714695472 -0.8161677500857911 2.899779675481152 
1560244302.383905 0.7037874314176651 -0.8150428948255204 2.908836024219059 
1560244302.417253 0.6986589417101191 -0.813853353396007 2.9184025211392335 
1560244302.450601 0.6918407641209465 -0.8123387240404131 2.927811510010329 
1560244302.483948 0.6850072600852626 -0.8108964259485613 2.9370036340955172 
1560244302.517296 0.6781637622556397 -0.8095010726095456 2.946091121921946 
1560244302.550644 0.6713065952131146 -0.8081742906318501 2.955073724126373 
1560244302.583992 0.6644365076463884 -0.8069165379780242 2.9637581310581287 
1560244302.617339 0.657558710306948 -0.805703056601131 2.9722372363093474 
1560244302.650687 0.6506696114903945 -0.8045531706665855 2.980402877471139 
1560244302.684035 0.6455297061271104 -0.8037373357868026 2.9879710566127184 
1560244302.717383 0.6403151518584062 -0.8029494822416126 2.99524215441193 
1560244302.75073 0.633402199540185 -0.8019542680281382 3.0021998685138196 
1560244302.784078 0.6264818829919064 -0.8010110665103019 3.0085319836780218 
1560244302.817425 0.6201731653626625 -0.8001766377205007 3.014422257833919 
1560244302.850773 0.6155530510556649 -0.7995977022315184 3.0196234940893194 
1560244302.884121 0.6091558820944624 -0.7988363588586385 3.024470444764436 
1560244302.917469 0.6028376968113606 -0.798100967617854 3.0290957375242136 
1560244302.950816 0.59820997386738 -0.7975878804187557 3.0334087388950417 
1560244302.984164 0.5935795804172529 -0.7970975954833296 3.03766727163715 
1560244303.017512 0.588324087482023 -0.7965606373314459 3.0418328699349124 
1560244303.05086 0.5813731413029034 -0.7958782639187235 3.045790754985779 
1560244303.084207 0.5762039581607452 -0.7953914784423578 3.0495571009586575 
1560244303.117555 0.5715668689354343 -0.7949700635660097 3.0532374636681494 
1560244303.150903 0.5669280481939 -0.7945672357635867 3.05684013481685 
1560244303.184251 0.5622876334752503 -0.794183505036553 3.060388120277899 
1560244303.217598 0.5582771189145499 -0.7938602314058423 3.0639583265361927 
1560244303.250946 0.5559556810870874 -0.7936837631721074 3.0676320779254254 
1560244303.284294 0.5500460930539108 -0.7932642695253913 3.071305680235701 
1560244303.317641 0.5437126968673418 -0.7928248219321964 3.0749713921774195 
1560244303.350989 0.5390662257503178 -0.7925229311055648 3.078616503264594 
1560244303.384337 0.5362165511868823 -0.7923475396397109 3.0822064874780475 
1560244303.417685 0.5332546334103881 -0.7921780325287979 3.085780420314441 
1560244303.451032 0.5286053645404628 -0.791926199615995 3.0893543407809534 
1560244303.482045 0.5242805635377935 -0.7917095627291558 3.0926780179080016 
1560244303.515383 0.5196309682515615 -0.7914879785976892 3.096294609674353 
1560244303.54872 0.5149805918253466 -0.7912867714681346 3.100080467062933 
1560244303.582058 0.5103293076972572 -0.7911047365286449 3.104016736378201 
1560244303.615396 0.5061561086839673 -0.7909514499083188 3.108001112388831 
1560244303.648733 0.5038298872126818 -0.790878247551393 3.1119289235391108 
1560244303.682071 0.49986089177083215 -0.7907725554340552 3.115806825860055 
1560244303.715409 0.4947277665375126 -0.7906493232049906 3.1196565374948113 
1560244303.748747 0.4877468455966441 -0.7905106629683029 3.1234779802255774 
1560244303.782084 0.4807656830503033 -0.7903997690778347 3.1271990197005683 
1560244303.815422 0.47426463199323043 -0.7903123805562629 3.130829484250794 
1560244303.84876 0.4696099917062536 -0.7902709697667897 3.134271587220274 
1560244303.882098 0.463310351951104 -0.7902404280731631 3.1377138387484953 
1560244303.915435 0.45632827540341314 -0.7902221191083992 2.2743876479924063 
1560244303.948773 0.449346033293917 -0.7902334057880361 -1.9112810213684517 
1560244303.982111 0.4423638396085891 -0.790272176574724 -3.134571095749373 
1560244304.015449 0.4348992660350715 -0.7903367341984047 -3.1308226336316913 
1560244304.048786 0.4255906246543845 -0.7904563536848187 -3.1269898822257973 
1560244304.082124 0.41957504639682747 -0.7905523299967695 -3.1232323623309646 
1560244304.115462 0.4139545026446746 -0.790667910193824 -3.119410105649466 
1560244304.148799 0.40464786816928233 -0.79089554488378 -3.115222231407076 
1560244304.182137 0.39698884856303246 -0.7911141850719852 -3.1109840176849772 
1560244304.215475 0.38952611360249645 -0.7913561308853332 -3.1067620142782038 
1560244304.248812 0.38022307565959584 -0.7917008813984512 -3.102680645094686 
1560244304.282151 0.3709210716174743 -0.7920861619870397 -3.098573903388477 
1560244304.315488 0.36210552399112245 -0.7924762689701184 -3.0944316045909304 
1560244304.348826 0.3551318198864983 -0.7928214648589565 -3.0901926022512947 
1560244304.382164 0.3465127761917768 -0.7932893809112433 -3.0860542746428994 
1560244304.415501 0.33770368773929216 -0.7937896330634101 -3.0819500184450406 
1560244304.448839 0.33073477901420634 -0.7942213883044218 -3.0778175039979287 
1560244304.482177 0.3221214165703189 -0.7947983351680344 -3.073357609446361 
1560244304.515514 0.3123490644696595 -0.7954851153271411 -3.068733843540793 
1560244304.548852 0.3007449433846689 -0.7963619455928957 -3.063997537343019 
1560244304.581039 0.2911114285520062 -0.7971336315151053 -3.059568665443898 
1560244304.614372 0.28224131274301906 -0.7978738475703946 -3.055108388725289 
1560244304.647705 0.2752876064655386 -0.7984935327613583 -3.050941020719536 
1560244304.681038 0.26677277004975875 -0.7992902454116144 -3.0469893395509633 
1560244304.714371 0.25750723279295656 -0.8001817238036328 -3.043116608625848 
1560244304.747705 0.24824582330940984 -0.8011181726025655 -3.039126667559423 
1560244304.781038 0.2389885145230141 -0.802091342529138 -3.0352326534684906 
1560244304.814371 0.23013880624916233 -0.8030458218504096 -3.031390970933028 
1560244304.847704 0.22320166323668375 -0.8038288132658057 -3.027578571623217 
1560244304.881037 0.21470749866681427 -0.804821854920443 -3.024029738185747 
1560244304.91437 0.2054646334593512 -0.8059239423703648 -3.0206637532446483 
1560244304.947703 0.1962263337649716 -0.8070633284610673 -3.0175614950701513 
1560244304.981037 0.18543300710633587 -0.8084289978320833 -3.0147227313560974 
1560244305.01437 0.17429611710987877 -0.8098581469962831 -3.0120669108032994 
1560244305.047703 0.1650673972866952 -0.8110731591211021 -3.009674794833185 
1560244305.081036 0.15895465163127448 -0.8118883482324075 -3.007546282337421 
1560244305.114369 0.15313270285295352 -0.8126798975687262 -3.0056130392350013 
1560244305.147702 0.14160613113408738 -0.8142679128922634 -3.004001976944977 
1560244305.181036 0.13319280241857712 -0.8154382406229577 -3.002438824047359 
1560244305.214369 0.12587640784517218 -0.8164673146529939 -3.000942303207787 
1560244305.247702 0.11666100594123208 -0.8177790749098266 -2.999650887708582 
1560244305.281035 0.10900170537154025 -0.818877789621092 -2.998503216047519 
1560244305.314368 0.10168929968146265 -0.8199343270997341 -2.9974616464349224 
1560244305.347701 0.0924781722557484 -0.8212758924515658 -2.9965939720984904 
1560244305.381034 0.0832681906725691 -0.8226250420709221 -2.9957982811738013 
1560244305.414368 0.07405869706637178 -0.8239799135917819 -2.995012376606358 
1560244305.447701 0.06485086852169426 -0.8253442541518453 -2.9941092534927174 
1560244305.481034 0.05719767630218995 -0.8264851968869745 -2.9931103348131884 
1560244305.514367 0.049891136268985725 -0.8275811684587737 -2.9920839000938613 
1560244305.5477 0.04068743657617492 -0.8289725991185615 -2.9911453390469562 
1560244305.582763 0.03267936587158292 -0.8301903988554068 -2.990183823945873 
1560244305.6161 0.024733792120127874 -0.8314063052775956 -2.989304792370055 
1560244305.649438 0.013232099791055777 -0.8331764461267833 -2.9885082071298505 
1560244305.682775 0.005076364552121207 -0.8344372087107575 -2.987814732139207 
1560244305.716113 -0.001823320433615552 -0.835508206142552 -2.9871842171784837 
1560244305.74945 -0.00872201093264962 -0.8365839867056799 -2.9866362724966478 
1560244305.782788 -0.017292938196176177 -0.8379260039852438 -2.9861139798230933 
1560244305.816125 -0.026489757409813575 -0.8393694972404275 -2.9855755277931304 
1560244305.849463 -0.03568591955803399 -0.8408190839434876 -2.9849495129916988 
1560244305.8828 -0.043207954938679356 -0.8420092178639675 -2.984401029352084 
1560244305.916138 -0.05010392017429502 -0.8431036160974277 -2.9838734418760264 
1560244305.949475 -0.05699905673884531 -0.8442022554157861 -2.983318498868379 
1560244305.982812 -0.06556647465478746 -0.8455754494372211 -2.982427301715151 
1560244306.01615 -0.07475795918146289 -0.8470546692206004 -2.9813700271236057 
1560244306.049488 -0.08394754811839955 -0.8485456343772406 -2.9801758560803386 
1560244306.082825 -0.09146166850233443 -0.8497734707283927 -2.9790851533155807 
1560244306.116162 -0.09887657896580641 -0.8509922438597655 -2.9781060914522732 
1560244306.1495 -0.10806155174383808 -0.8525109778923978 -2.977373570043745 
1560244306.182837 -0.11724528462189909 -0.8540359653357975 -2.976796331317372 
1560244306.216175 -0.1259027161034427 -0.855476871407944 -2.9763175043771652 
1560244306.249512 -0.13278943545638003 -0.8566268081036492 -2.975975575456072 
1560244306.28285 -0.14134988883421856 -0.8580605039336995 -2.975529989848034 
1560244306.316187 -0.1500042899720469 -0.8595124163479061 -2.9750277100264304 
1560244306.349525 -0.15688959829565347 -0.8606720857100875 -2.9744641695295577 
1560244306.382862 -0.16377388543421167 -0.8618367425120588 -2.9737449842921335 
1560244306.4162 -0.17065769290096125 -0.8630051753402953 -2.9729599628091345 
1560244306.449537 -0.17754027380045942 -0.8641799186297404 -2.972147657232021 
1560244306.482874 -0.18609612469179335 -0.8656492390488975 -2.971257721962728 
1560244306.516212 -0.1952705670955473 -0.8672307413082817 -2.9702981278435594 
1560244306.54955 -0.20444316627862547 -0.8688228898872702 -2.9692017223971194 
1560244306.584441 -0.2104783106341432 -0.8698768763812272 -2.9679438265413576 
1560244306.617783 -0.2163345761872672 -0.870908257987433 -2.966783985970388 
1560244306.651125 -0.22550276971222316 -0.8725317103836647 -2.965829589130469 
1560244306.684466 -0.2346689855239813 -0.8741647601056092 -2.964958057026338 
1560244306.717808 -0.24256042440090453 -0.8755747817830356 -2.964120033376226 
1560244306.75115 -0.24714238974870092 -0.8763984121062498 -2.9633076116110533 
1560244306.784491 -0.25528929751249113 -0.8778724374143615 -2.9624122890963402 
1560244306.817833 -0.26381201473446475 -0.8794186098781391 -2.9614925496251314 
1560244306.851175 -0.27068164537102396 -0.8806724610543823 -2.960570742852595 
1560244306.884516 -0.2775497397277758 -0.8819335188471251 -2.9596767139944418 
1560244306.917858 -0.28441722031749034 -0.8831990788842395 -2.958820255980067 
1560244306.9512 -0.2912836045881255 -0.8844708619120519 -2.9580404209019795 
1560244306.984541 -0.2999334269503073 -0.8860805817801046 -2.9573992413205406 
1560244307.017883 -0.30780374357435364 -0.8875479365507232 -2.9567871719604826 
1560244307.051224 -0.3123794868628892 -0.8884047308286829 -2.956149494761014 
1560244307.084566 -0.32052591463015623 -0.8899395672023259 -2.9551790421538398 
1560244307.117908 -0.32967455745672064 -0.8916696096597934 -2.954025293291481 
1560244307.151249 -0.33882069826118694 -0.8934116957574629 -2.9526418310609297 
1560244307.184591 -0.34617779642637736 -0.8948268891523751 -2.950814304115806 
1560244307.217932 -0.3530331294188727 -0.896155557925765 -2.9489927342475832 
1560244307.251274 -0.35988623820914956 -0.8974969776030174 -2.9475027007421817 
1560244307.284616 -0.3685229723526698 -0.8992037403049818 -2.9460682642129443 
1560244307.317957 -0.3770103316942092 -0.9008882154683207 -2.9447202307005758 
1560244307.351299 -0.38385782338689944 -0.9022578886926954 -2.943552153024952 
1560244307.384641 -0.39249019515966466 -0.9039954043753635 -2.9426899080942706 
1560244307.417982 -0.4009704696507205 -0.9057068172152692 -2.9419225683774064 
1560244307.451324 -0.4078143678315633 -0.9070942539342566 -2.941180736683955 
1560244307.484666 -0.4164444013949548 -0.9088524891484258 -2.9403830820528385 
1560244307.518007 -0.42491884931722623 -0.910583474329578 -2.939529768040483 
1560244307.551349 -0.4317592696647843 -0.911987962366685 -2.938574894237781 
1560244307.586092 -0.4407694510565258 -0.9138483375042874 -2.9376972288122056 
1560244307.619437 -0.4498876632773623 -0.9157364622503021 -2.9369423123806495 
1560244307.652783 -0.4590047875362816 -0.9176313364361908 -2.936306924505338 
1560244307.686128 -0.4681201874113273 -0.9195331621642444 -2.93570089337272 
1560244307.719474 -0.4772349820828983 -0.921439515744727 -2.935054336004941 
1560244307.75282 -0.48634842932910877 -0.923351999841755 -2.9343122551324785 
1560244307.786165 -0.4954601009208883 -0.9252716090972604 -2.9337469911371663 
1560244307.819511 -0.5045711754829929 -0.9271952546476683 -2.9332007673642204 
1560244307.852857 -0.5136812059193874 -0.9291240016989114 -2.932618804115026 
1560244307.886202 -0.5227894626585095 -0.931059679011938 -2.9319780245466975 
1560244307.919548 -0.53189685564445 -0.9330007603380884 -2.9311843826838593 
1560244307.952894 -0.5410025712248057 -0.934949776058492 -2.9301052091394078 
1560244307.986239 -0.5501053845300892 -0.936910987650532 -2.9290260664586882 
1560244308.019585 -0.5584532621381347 -0.9387153802264608 -2.9280174844596396 
1560244308.052931 -0.5652780460731535 -0.9401981215304115 -2.9271513727297966 
1560244308.086276 -0.5739929889147605 -0.9421010244137971 -2.9264035444060146 
1560244308.119622 -0.5830895875136026 -0.9440919367994233 -2.9257150592071044 
1560244308.152968 -0.5921848882033162 -0.9460889325721625 -2.9250977980207615 
1560244308.186313 -0.6012783394286586 -0.948093089500107 -2.9244507542915796 
1560244308.219659 -0.6103711473979889 -0.9501017353324572 -2.9237977651219733 
1560244308.253005 -0.6194625921918739 -0.9521163012652725 -2.9231448865987164 
1560244308.28635 -0.6266566100554724 -0.9537170600889288 -2.922343887250203 
1560244308.319696 -0.633472798399309 -0.9552385976702802 -2.9214757810563077 
1560244308.353042 -0.6402876426723088 -0.9567661607739121 -2.9205328801257093 
1560244308.386387 -0.6489969096275567 -0.9587307050389161 -2.919441526547247 
1560244308.419733 -0.6580791643339943 -0.9607861689371479 -2.9183924434141164 
1560244308.453079 -0.6671593594555698 -0.9628508217513321 -2.917484996324074 
1560244308.486424 -0.6762371672878489 -0.9649246905290847 -2.916726108341909 
1560244308.51977 -0.6845497588050382 -0.9668281503322235 -2.9159962709223413 
1560244308.553116 -0.6913562966741119 -0.9683924622837319 -2.915266428284543 
1560244308.587733 -0.7004061388127715 -0.9704841153865635 -2.9141355348545175 
1560244308.621083 -0.7094778036170579 -0.9725907969195918 -2.9126852940929746 
1560244308.654432 -0.7185461608202646 -0.9747105435539398 -2.9107476262245204 
1560244308.687782 -0.7276092690476572 -0.9768536739330888 -2.908778665987465 
1560244308.721132 -0.7366690966810372 -0.9790106632843586 -2.9067382969744973 
1560244308.754482 -0.7457247924045742 -0.9811850957272792 -2.904587479790002 
1560244308.787831 -0.7527871704255044 -0.9829003916421752 -2.902592612430355 
1560244308.821181 -0.7604291035264601 -0.9847708459607319 -2.900653697384306 
1560244308.854531 -0.7694715967886718 -0.9869993761359043 -2.898771164856014 
1560244308.88788 -0.7785088673428937 -0.9892479651371686 -2.897232456629976 
1560244308.92123 -0.7875438574349926 -0.9915067952273166 -2.8957811918088607 
1560244308.95458 -0.7965758186324191 -0.9937777162712585 -2.89439592241997 
1560244308.987929 -0.8056033169887401 -0.9960652855178824 -2.892979298562096 
1560244309.021279 -0.8146285783338437 -0.9983627044265554 -2.8915313090542556 
1560244309.054629 -0.8236507197191523 -1.0006723083745421 -2.8900394927128534 
1560244309.087978 -0.8326681487098986 -1.0029987363773005 -2.888673239736315 
1560244309.121328 -0.8416836904943773 -1.0053341607949737 -2.8873780521073895 
1560244309.154678 -0.8506964493870816 -1.0076802610514362 -2.886170413976988 
1560244309.188027 -0.8577133374241185 -1.009519559594208 -2.8847428920741556 
1560244309.221377 -0.8653340393594579 -1.0115290323940476 -2.8830950878995183 
1560244309.254727 -0.874336024287892 -1.0139161611757046 -2.8811414620886264 
1560244309.288076 -0.8833306387473475 -1.0163297019525568 -2.878715895609772 
1560244309.321426 -0.892321180720966 -1.0187592913761903 -2.8762902248794857 
1560244309.354776 -0.9013063058799344 -1.0212088259130363 -2.873961151437408 
1560244309.388125 -0.9102838756654067 -1.0236850364617023 -2.871789727246333 
1560244309.421475 -0.9192575355108523 -1.0261763777981292 -2.869569363746366 
1560244309.454825 -0.9282260853694099 -1.0286861150899664 -2.8672402791983895 
1560244309.488175 -0.9391776616715714 -1.0317872236671397 -2.865037397198514 
1560244309.521524 -0.949502026544522 -1.0347255358724419 -2.862988790326588 
1560244309.554874 -0.9584543160666033 -1.037292681299638 -2.861157136920884 
1560244309.588224 -0.9674001267110948 -1.0398821111742622 -2.8592622149667872 
1560244309.621573 -0.9763420550138808 -1.0424840115428957 -2.857387260311943 
1560244309.654923 -0.9852798334775419 -1.0451012499313925 -2.855555447879991 
1560244309.686704 -0.9937916053834571 -1.0476140229378756 -2.854109999894217 
1560244309.720049 -1.0027195331136107 -1.050259639056865 -2.8526583127568292 
1560244309.753394 -1.011643686897037 -1.0529179043943828 -2.8512530581552 
1560244309.78674 -1.020563015768996 -1.0555935457763792 -2.8496374225865364 
1560244309.820085 -1.0294786501601778 -1.0582802778884575 -2.8479290881185886 
1560244309.85343 -1.0383896835899122 -1.0609821762404394 -2.846118070509319 
1560244309.886775 -1.0491795041526004 -1.064281655744435 -2.844306910943379 
1560244309.92012 -1.059533319217864 -1.0674609715773973 -2.8424834643324686 
1560244309.953465 -1.0684295285035226 -1.0702114577447466 -2.8406369807716803 
1560244309.986811 -1.077319790490031 -1.0729821107892816 -2.8389107040291894 
1560244310.020156 -1.0862061925702502 -1.075764183104474 -2.837206105142081 
1560244310.053501 -1.095087932726608 -1.0785610181836298 -2.8355016098539565 
1560244310.086847 -1.1020794537638838 -1.0807810520261631 -2.8333447010928814 
1560244310.120192 -1.1110550994616888 -1.0836555102384673 -2.830958458701834 
1560244310.153537 -1.124349606196751 -1.0879390086543683 -2.8282950258138504 
1560244310.186882 -1.131986019301549 -1.09042523027547 -2.8254804851650603 
1560244310.220227 -1.139396046829706 -1.0928602122271063 -2.8227763021408743 
1560244310.253573 -1.1482359044252384 -1.095787671205 -2.8203258610785564 
1560244310.286918 -1.1570667803770602 -1.0987412329404638 -2.818087011936027 
1560244310.320263 -1.1658928717907011 -1.1017089311753767 -2.8159887711285405 
1560244310.353608 -1.1747129568366002 -1.1046942482196 -2.8140815581154714 
1560244310.386954 -1.1835265501759689 -1.1076999417157232 -2.8123559778020315 
1560244310.420299 -1.192336208000362 -1.1107161104357928 -2.810787270906219 
1560244310.453644 -1.2011413889673226 -1.1137452466022981 -2.8094484789032848 
1560244310.486989 -1.2099416180038407 -1.1167888993958548 -2.8082005854300114 
1560244310.520334 -1.218738829709482 -1.1198412083402633 -2.806905490557678 
1560244310.55368 -1.2275323370609488 -1.122904855939113 -2.8054955845914047 
1560244310.587025 -1.2344428081352163 -1.1253275080768341 -2.803782257070653 
1560244310.62037 -1.2418082389482337 -1.127924416933456 -2.8017651468810985 
1560244310.653715 -1.2505844021554058 -1.1310367903490357 -2.7992898126806933 
1560244310.687061 -1.25935081416938 -1.1341773616699669 -2.796783923122698 
1560244310.720406 -1.2681131455331258 -1.1373283982275928 -2.7951705793824138 
1560244310.753751 -1.276871739084719 -1.1404899825843664 -2.795181391477129 
1560244310.785932 -1.2853275392200951 -1.143532846527608 -2.7964467858048847 
1560244310.819274 -1.2940904695236155 -1.146679554039569 -2.797664585076738 
1560244310.852616 -1.3028567756244782 -1.1498170040000264 -2.7982078437395446 
1560244310.885957 -1.3080182125532647 -1.1516641987302967 -2.7978749431269123 
1560244310.919299 -1.313814432665529 -1.1537438710024366 -2.796974529327249 
1560244310.952641 -1.322575533972653 -1.1568958038112749 -2.795280355504786 
1560244310.985983 -1.3295284469456496 -1.1594136398938004 -2.7934108254956125 
1560244311.019325 -1.336797587082768 -1.1620613043805166 -2.7913427003766125 
1560244311.052667 -1.34553978582558 -1.1652651237936822 -2.7889381863321185 
1560244311.086009 -1.3542732359796912 -1.1684929913497528 -2.7868264412651813 
1560244311.119351 -1.3615872384299983 -1.1712059013903333 -2.7848232639346384 
1560244311.152693 -1.3659481938424853 -1.1728353671793446 -2.782915887490789 
1560244311.186035 -1.3739066493450531 -1.175806044760981 -2.7845528213678166 
1560244311.219377 -1.3819257496591761 -1.1787836844328559 -2.7881323537675837 
1560244311.252719 -1.3884833923804136 -1.1811839853327772 -2.7941806827715485 
1560244311.286061 -1.398691129964807 -1.1847903114769518 -2.8052813219817665 
1560244311.319403 -1.406811729670713 -1.1876337542820345 -2.815837519213501 
1560244311.352745 -1.4090193440126777 -1.1883719310394047 -2.8230587099147533 
1560244311.386087 -1.4130641919985303 -1.189679649396586 -2.8305146312190503 
1560244311.419428 -1.416773849589008 -1.1908666343083778 -2.837520892158699 
1560244311.45277 -1.4189965623998002 -1.1915579877407443 -2.843498949059462 
1560244311.486112 -1.4230648573507507 -1.192797059586262 -2.846774837834763 
1560244311.519454 -1.4275194971603298 -1.1941493965232304 -2.8480900918676326 
1560244311.552796 -1.4319749389536705 -1.1954991136555477 -2.846538859153294 
1560244311.586138 -1.438264596440909 -1.1974400332549797 -2.841077316967822 
1560244311.61948 -1.4456545246617147 -1.1997645975716071 -2.833671787563219 
1560244311.652822 -1.4545158677702987 -1.2026228004468902 -2.823951751439387 
1560244311.686164 -1.4615151427047814 -1.2049687323159028 -2.8142906702503905 
1560244311.719506 -1.4673971745476941 -1.2069826796658625 -2.8050506662757124 
1560244311.752848 -1.4717859214320292 -1.2085355817432728 -2.796644883281736 
1560244311.78811 -1.4783492478174742 -1.2109348165179763 -2.7888142998680685 
1560244311.821458 -1.4848966782405673 -1.213366352112033 -2.7821245859613435 
1560244311.854806 -1.491429383635321 -1.2158371164625046 -2.776261887360579 
1560244311.888154 -1.4979440160954485 -1.2183551484384094 -2.771156224942163 
1560244311.921502 -1.5052907440214525 -1.2212307447835729 -2.766270204211645 
1560244311.954851 -1.513949441616975 -1.2246592076991012 -2.761579443578911 
1560244311.988199 -1.518746171951887 -1.226590676727998 -2.7566675728567733 
1560244312.021547 -1.5238975645060953 -1.2286947832478203 -2.7518252989127583 
1560244312.054895 -1.5303535762836697 -1.231359557765652 -2.7471348314375423 
1560244312.088243 -1.5348808471102136 -1.2332614200517273 -2.7420011315339687 
1560244312.121591 -1.5400007946360472 -1.2354485132490496 -2.735714630887327 
1560244312.154939 -1.5464097379529729 -1.2382244392951895 -2.7277204663498487 
1560244312.188287 -1.5527811345709255 -1.2410855712676663 -2.716208719520653 
1560244312.221636 -1.5574733128434841 -1.2432216757012415 -2.7032386520521805 
1560244312.254984 -1.5595762076164927 -1.2442208468825826 -2.688672871787046 
1560244312.288332 -1.5635164821807426 -1.246197135290474 -2.673179674041085 
1560244312.32168 -1.5668464136425915 -1.2478964965599086 -2.657645923434008 
1560244312.355028 -1.5689011965595387 -1.248990992057032 -2.6422199452007806 
1560244312.388376 -1.5745657130963413 -1.252167450541125 -2.6275565680077184 
1560244312.421725 -1.5798337231934465 -1.2551701116822975 -2.613853429479393 
1560244312.455073 -1.583846179104329 -1.2575325359361689 -2.6014821277263467 
1560244312.488421 -1.5860448269977097 -1.2588631902042822 -2.5934401307190855 
1560244312.521769 -1.58881530912651 -1.260565926330426 -2.5881269055882563 
1560244312.555117 -1.5927747048228604 -1.263016110015066 -2.586199324932563 
1560244312.588465 -1.596733826473068 -1.265466800203918 -2.5875551444420744 
1560244312.621814 -1.5999071498992312 -1.267426186065543 -2.5903328612905416 
1560244312.655162 -1.601892308205289 -1.2686425805274852 -2.594692767606462 
1560244312.68851 -1.6056780493957779 -1.27092516101368 -2.6002657608204243 
1560244312.721858 -1.6112784358361596 -1.2742561808062052 -2.6066422844611092 
1560244312.755206 -1.619302155029277 -1.2789829375131143 -2.6140214314729406 
1560244312.790255 -1.6297071016402775 -1.2849646369767984 -2.62233548481232 
1560244312.823609 -1.6389153701885706 -1.2901957182381678 -2.6295327045118846 
1560244312.856964 -1.647043619015707 -1.294744423412962 -2.635795394944531 
1560244312.890318 -1.6532622554870617 -1.2981610405424229 -2.64070370689262 
1560244312.923672 -1.6593959902203061 -1.3015041165736205 -2.6449646464790564 
1560244312.957026 -1.6655412360432764 -1.304826081697562 -2.6485269280391166 
1560244312.990381 -1.6736619162877906 -1.3091688351291637 -2.6512074032599298 
1560244313.023735 -1.6818832324102937 -1.31354652756856 -2.6536192682607136 
1560244313.057089 -1.6901130761624108 -1.3179082469412184 -2.6557603270287378 
1560244313.090444 -1.6983542242112422 -1.3222491513000723 -2.6571877286177963 
1560244313.123798 -1.7065989453491894 -1.3265824469878214 -2.658355147611169 
1560244313.157152 -1.7148477154046449 -1.3309080632284436 -2.6592527954859064 
1560244313.190507 -1.7231003799768922 -1.335227019397072 -2.6595374918557817 
1560244313.223861 -1.7294563984419449 -1.338555130693779 -2.659044753854193 
1560244313.257215 -1.7335809027538538 -1.340717899056032 -2.6576685406930216 
1560244313.290569 -1.739673318060634 -1.343942826148493 -2.6538026543579893 
1560244313.323924 -1.7458386419434366 -1.3472276719792682 -2.650047051591139 
1560244313.357278 -1.7519938782271065 -1.3505310926485148 -2.6465404523695373 
1560244313.390632 -1.7581348660628942 -1.3538608276963813 -2.6440595340847444 
1560244313.423987 -1.7642714274165239 -1.3571992294022859 -2.6422440787722885 
1560244313.457341 -1.77040307492289 -1.3605462440508453 -2.641153350717003 
1560244313.490695 -1.7765334957071848 -1.3638953288081754 -2.641706897704316 
1560244313.524049 -1.782664610527403 -1.367243270111844 -2.642024183877345 
1560244313.557404 -1.7887967514462566 -1.3705899033227757 -2.641999372205012 
1560244313.590758 -1.7949284583337561 -1.373936732704444 -2.6419401456635554 
1560244313.624112 -1.8020135899578507 -1.3778062028377627 -2.6416641151016034 
1560244313.657467 -1.810187445136763 -1.382272462707682 -2.6411419566651104 
1560244313.690821 -1.8144037766348604 -1.3845801850387052 -2.6406541420480267 
1560244313.724175 -1.818488097161879 -1.3868178065580519 -2.6401341339202467 
1560244313.757529 -1.8225714884394968 -1.389057075381545 -2.639576364411141 
1560244313.792382 -1.830977198496076 -1.393677837849731 -2.6387466089043334 
1560244313.825742 -1.8370343605735928 -1.397010804883172 -2.6379820315936895 
1560244313.859102 -1.8411825860320785 -1.3992976033687465 -2.637250085247809 
1560244313.892463 -1.8493360286944767 -1.4038044307453277 -2.63641333708887 
1560244313.925823 -1.8553756060561784 -1.4071459238980553 -2.6356686819230593 
1560244313.959184 -1.8595287189879846 -1.409447902495139 -2.6350068660557007 
1560244313.992544 -1.8676719069699286 -1.4139726558356827 -2.63420561511095 
1560244314.025905 -1.8736938616153347 -1.417322829401835 -2.6332194122544657 
1560244314.059265 -1.8777620711139174 -1.4195913583535946 -2.6320644993073823 
1560244314.092625 -1.881826527199373 -1.4218664897800275 -2.630978989994476 
1560244314.125986 -1.8880134789612302 -1.4253381246939363 -2.6299863768579272 
1560244314.159346 -1.8960862439937731 -1.4298731912787046 -2.629080271226184 
1560244314.192707 -1.9021735868328764 -1.433303142868233 -2.6282435230739165 
1560244314.226067 -1.907192942047347 -1.436135039178413 -2.6273694343456566 
1560244314.259428 -1.911302184564159 -1.4384578327996598 -2.6264659544336126 
1560244314.292788 -1.9173805248270825 -1.4419031164296987 -2.62572196978744 
1560244314.326148 -1.923457212269426 -1.4453513305294396 -2.6251280514095527 
1560244314.359509 -1.929473553584121 -1.4487688448420668 -2.624665214587499 
1560244314.392869 -1.933521962676835 -1.4510724611958103 -2.6240989145349083 
1560244314.426229 -1.9397152181412332 -1.4546015534069674 -2.62351380188805 
1560244314.45959 -1.9476804417348461 -1.4591433756866026 -2.622912011338106 
1560244314.49295 -1.9517247944606575 -1.4614542298671684 -2.622310237997732 
1560244314.52631 -1.9568445984729295 -1.4643838287117394 -2.6216515987888713 
1560244314.559671 -1.962907619957191 -1.4678564253391757 -2.620935827411493 
1560244314.593031 -1.968966444884846 -1.4713360521535228 -2.620014321639821 
1560244314.626392 -1.9739426749199018 -1.4741981545701779 -2.61903565965054 
1560244314.659752 -1.9780517196180116 -1.4765664921643236 -2.618006113973757 
1560244314.693113 -1.9841002112059365 -1.4800646335028442 -2.616942195404616 
1560244314.726473 -1.9901454932729468 -1.4835676958515527 -2.615897472579168 
1560244314.759834 -1.9961882038498964 -1.487075497722661 -2.614883104098021 
1560244314.794507 -2.002464191807465 -1.4907289611218073 -2.6141862221784207 
1560244314.827874 -2.007335840839388 -1.4935676404904794 -2.6136391473437883 
1560244314.86124 -2.0115228109204963 -1.4960102758626144 -2.613193241201715 
1560244314.894607 -2.017557427091425 -1.4995347380002813 -2.6128778908232952 
1560244314.927974 -2.023590980637374 -1.5030608432353794 -2.6125626353769618 
1560244314.96134 -2.0294545901000314 -1.5064894828182849 -2.6122325132495052 
1560244314.994707 -2.0334750687994285 -1.5088434731759692 -2.611739440181008 
1560244315.028074 -2.0398470541792344 -1.5125801219587462 -2.6111007621279425 
1560244315.06144 -2.047533515605907 -1.5170908187770722 -2.6103095445951174 
1560244315.094807 -2.051548218610046 -1.5194546456150022 -2.608998994571458 
1560244315.128173 -2.0555592888283787 -1.521824374010956 -2.607270217361712 
1560244315.16154 -2.0599273829294362 -1.5244142439252923 -2.605229732908287 
1560244315.194906 -2.067929550494248 -1.5291873675899863 -2.6029951527505224 
1560244315.228273 -2.0735608071428113 -1.5325564454912868 -2.6009287734387376 
1560244315.26164 -2.0775538492615624 -1.534956634001711 -2.5990274842042895 
1560244315.295006 -2.081541409418456 -1.537365828022992 -2.5976030487378785 
1560244315.328373 -2.0855259509473316 -1.5397800024828727 -2.596220856009937 
1560244315.361739 -2.0895078313807853 -1.5421981692715185 -2.59489142235693 
1560244315.395106 -2.0934859875716776 -1.544623121416082 -2.5937869004852727 
1560244315.428473 -2.0962742291198846 -1.546326063280445 -2.5923638350414855 
1560244315.461839 -2.098456678959517 -1.5476640219836983 -2.590687519358641 
1560244315.495206 -2.102423061224188 -1.5501080669871845 -2.5886589031298097 
1560244315.528572 -2.10638490719225 -1.552559189767402 -2.5866303593804143 
1560244315.561939 -2.1101417017218465 -1.5548905972212248 -2.5845836225402743 
1560244315.595305 -2.112117096161616 -1.5561249005460975 -2.5823772138647776 
1560244315.628672 -2.11290049553 -1.55661439896 -2.579956345978619 
1560244315.662039 -2.1133130947796146 -1.5568767716057381 -2.5773162297725705 
1560244315.695405 -2.1172443330139448 -1.5593766534584823 -2.57400819199536 
1560244315.728772 -2.122351863166062 -1.5626594560540312 -2.5678854301582685 
1560244315.762138 -2.12758898735 -1.56604111195 -2.5600937965908988 
1560244315.796641 -2.12758898735 -1.56604111195 -2.5533833424201955 
1560244315.830014 -2.12882917062771 -1.5668837913941476 -2.5456344361197925 
1560244315.863387 -2.131030918213066 -1.568391378415113 -2.5369147178818103 
1560244315.89676 -2.1348477577501956 -1.5710642800361507 -2.5265848239989945 
1560244315.930133 -2.1374149909477147 -1.5728930415796445 -2.5150816321101437 
1560244315.963506 -2.1392912790049894 -1.5742627508536577 -2.502732316763676 
1560244315.996879 -2.1411135314066208 -1.575639971155092 -2.4892030287528017 
1560244316.030252 -2.144120994740233 -1.5779914096211514 -2.474879368870981 
1560244316.063624 -2.147831156355292 -1.5809415274898322 -2.4599568718166545 
1560244316.096997 -2.151422192649452 -1.5839109036244903 -2.4444011251112894 
1560244316.13037 -2.153815260457003 -1.5859365419582467 -2.4285200039436496 
1560244316.163743 -2.1561067618331524 -1.587959317847949 -2.4124611647741516 
1560244316.197116 -2.1612746527592166 -1.5926654801953055 -2.3963723546446163 
1560244316.230489 -2.165259543964275 -1.5963933314495466 -2.380470483772014 
1560244316.263862 -2.168879200385413 -1.5998878248361303 -2.3646660468923835 
1560244316.297234 -2.1738171953514045 -1.6048343333161965 -2.348861948737324 
1560244316.330607 -2.1776146142384794 -1.6087413462261353 -2.333081029591624 
1560244316.36398 -2.1810701956755207 -1.6124094839512029 -2.3173178435646653 
1560244316.397353 -2.1857692765448276 -1.6175838198271133 -2.301584539783027 
1560244316.430726 -2.189372568288991 -1.6216596190437127 -2.285945713294035 
1560244316.464099 -2.1929043705597193 -1.6257919872951156 -2.270378358850385 
1560244316.497471 -2.1988405944669265 -1.632976037168511 -2.2549297594105746 
1560244316.530844 -2.2036439025620598 -1.6389558320786524 -2.239623376247401 
1560244316.564217 -2.207891565347594 -1.6443827472841597 -2.224442458281322 
1560244316.59759 -2.212178446032237 -1.6500828371641372 -2.2095979972153965 
1560244316.630963 -2.216325514474314 -1.6557668916327355 -2.1949921644739456 
1560244316.664336 -2.22061183724749 -1.6617919436880106 -2.1805215275205176 
1560244316.697709 -2.225885112852198 -1.6694760437077012 -2.166139013243301 
1560244316.731081 -2.2301840547673715 -1.675918376825434 -2.1519335241434847 
1560244316.764454 -2.233993322580543 -1.681778572294581 -2.137862857438777 
1560244316.797827 -2.237701022383452 -1.6877037467826355 -2.1240261781917598 
1560244316.8312 -2.24213725529777 -1.695037752127798 -2.110382754054176 
1560244316.864573 -2.2466800111816214 -1.702688584029487 -2.0969397844205697 
1560244316.894527 -2.249790600636193 -1.7081366861906815 -2.0853182805796213 
1560244316.927888 -2.2531882800623713 -1.7142417402641419 -2.0727872020782407 
1560244316.961249 -2.2565287339187914 -1.7203786060583273 -2.060606536797349 
1560244316.994611 -2.2597681236142013 -1.7265696058508577 -2.0490134255739103 
1560244317.027972 -2.2629465345134294 -1.73279170581985 -2.037855282354862 
1560244317.061333 -2.266157775419029 -1.739216116894766 -2.0270532563334887 
1560244317.094694 -2.2702048492468574 -1.7476071814694332 -2.0167396686350383 
1560244317.128055 -2.2736044844681165 -1.7547973246209272 -2.0067586524626857 
1560244317.161417 -2.27661926399367 -1.7613228679483763 -1.9970747155582567 
1560244317.194778 -2.280420423157849 -1.769828269781646 -1.9880404602470332 
1560244317.228139 -2.2836131935151682 -1.7771062385543417 -1.979190852670767 
1560244317.2615 -2.286371810283907 -1.7835256497026197 -1.9705434512506108 
1560244317.294862 -2.2890576133097276 -1.7899762381098034 -1.9626405915805263 
1560244317.328223 -2.29170003886367 -1.7964442723142147 -1.9551364665830735 
1560244317.361584 -2.2943837761604677 -1.8031251044835934 -1.9479740222852078 
1560244317.394945 -2.297777696679892 -1.8118010375088618 -1.9414572494778632 
1560244317.428306 -2.300632158250941 -1.819205905284549 -1.9351510670371153 
1560244317.461668 -2.303034383615524 -1.8255340156925959 -1.9290229291969634 
1560244317.495029 -2.3046509301481497 -1.8299026046415243 -1.9232169946280229 
1560244317.52839 -2.3076540493372097 -1.8381913592870949 -1.9174321705720856 
1560244317.561751 -2.3114431553073302 -1.8487271398729854 -1.9116856811428078 
1560244317.595113 -2.313755419760358 -1.8553207127070555 -1.9061638472681275 
1560244317.628474 -2.3155854326161283 -1.8606081924057383 -1.900684641999242 
1560244317.661835 -2.3172323262435004 -1.8654545816367165 -1.8952164500758217 
1560244317.695196 -2.3201695349777953 -1.8742955576642213 -1.8895882051799964 
1560244317.728558 -2.3226326617147857 -1.8818214032545155 -1.8839793300022465 
1560244317.761919 -2.3248447701782933 -1.8886975262362784 -1.8783873002862779 
1560244317.79528 -2.327633400446277 -1.8975865436972605 -1.8728272201463574 
1560244317.828641 -2.329968400637646 -1.9051466875680914 -1.8672885812805085 
1560244317.862002 -2.332067112846379 -1.9120642239315926 -1.8617677627626934 
1560244317.896746 -2.3348176089530317 -1.9213685614719265 -1.8560511476922046 
1560244317.930114 -2.336997117326629 -1.928870090493975 -1.8506758947187898 
1560244317.963481 -2.338916223700834 -1.935589750754934 -1.8453899835006988 
1560244317.996849 -2.3407904004472386 -1.9423223237741256 -1.8402552102022103 
1560244318.030217 -2.343026076012725 -1.950525191330425 -1.8351897884132415 
1560244318.063585 -2.3453570836296467 -1.9591826085427335 -1.8301724507560497 
1560244318.096953 -2.3471294077655984 -1.9659426273477212 -1.825215464282547 
1560244318.130321 -2.349244948091806 -1.9741847824397045 -1.8204441008166987 
1560244318.163688 -2.3514469076436817 -1.982868124284066 -1.8157716221017084 
1560244318.197056 -2.353122990314651 -1.989652806382668 -1.8110989091843455 
1560244318.230424 -2.354412390107928 -1.9949589064812954 -1.8065870033453204 
1560244318.263792 -2.355654060931499 -2.000177173408185 -1.802170595232607 
1560244318.29716 -2.357725455327208 -2.0090745447206464 -1.7978140998080527 
1560244318.330528 -2.3594830827128987 -2.016750537514998 -1.793591751401956 
1560244318.363895 -2.360960396334326 -2.02330554603122 -1.7894372482537222 
1560244318.397263 -2.3619398706297905 -2.0277669196268153 -1.7852228881228431 
1560244318.430631 -2.3632392765948667 -2.0338171163143524 -1.7810759492556671 
1560244318.463999 -2.3647842883960064 -2.041114615244234 -1.7769798434628916 
1560244318.497367 -2.366632928729623 -2.0500609674895443 -1.7729432840233639 
1560244318.530734 -2.3678875560022976 -2.0562262378119627 -1.7686810131475423 
1560244318.564102 -2.3688574352782186 -2.0611086374255865 -1.7642792750260616 
1560244318.59747 -2.3701823584248394 -2.0679704886992476 -1.759816112221567 
1560244318.630838 -2.371207030614569 -2.073375672830325 -1.7556932922292356 
1560244318.664206 -2.3720580574331103 -2.077956348818864 -1.7518229211247383 
1560244318.697573 -2.3728871588957534 -2.0825408296225545 -1.7483195657166641 
1560244318.730941 -2.373443169612842 -2.0856563802060073 -1.7451555029375463 
1560244318.764309 -2.3739576858988536 -2.0886076558633553 -1.7422167679052047 
1560244318.797677 -2.375138453838258 -2.095495760564198 -1.7394912640004112 
1560244318.831045 -2.376052872831508 -2.1009060723276276 -1.7366282506424833 
1560244318.864413 -2.376817381920581 -2.105502024771753 -1.7336530263882877 
1560244318.897634 -2.377560801240917 -2.110080556338605 -1.7304794353577893 
1560244318.931 -2.378060100777507 -2.113201229427987 -1.7272463002288707 
1560244318.964366 -2.3784714681848227 -2.115835821633693 -1.724013544902307 
1560244318.997732 -2.3791738978232146 -2.120441309940554 -1.7209327982723979 
1560244319.031098 -2.379642541101653 -2.123559777577527 -1.717874968635773 
1560244319.064464 -2.3800791503552405 -2.1265452754811496 -1.7148349159519165 
1560244319.097829 -2.3810696878024302 -2.133462650597475 -1.7118252794593567 
1560244319.131195 -2.38141727448 -2.13589000702 -1.7088617333948086 
1560244319.164561 -2.3815817063530735 -2.1371159383001985 -1.7059038803936035 
1560244319.197927 -2.382492485555995 -2.143906304993381 -1.7028585647890793 
1560244319.231293 -2.3830041205022034 -2.1477753875382546 -1.6996898820567268 
1560244319.264659 -2.3833451009017885 -2.150440606364881 -1.6964335409568367 
1560244319.298024 -2.383919599891461 -2.1550638038514083 -1.6930569474130868 
1560244319.33139 -2.3844782765931116 -2.1596889049196624 -1.6895405745135963 
1560244319.364756 -2.385024605856735 -2.1643154700560214 -1.685917223499061 
1560244319.398122 -2.385549322503914 -2.168944686443834 -1.6821139823931661 
1560244319.431488 -2.386219740399302 -2.1750994744090906 -1.678147089066718 
1560244319.464854 -2.3869216083290388 -2.181679029904151 -1.6740441232769134 
1560244319.498219 -2.387389669244919 -2.186314137562352 -1.6696723993204245 
1560244319.531585 -2.3878370340052077 -2.1909513898135375 -1.6650656717383332 
1560244319.564951 -2.3883011313256497 -2.1959666757048693 -1.6603325996678888 
1560244319.598317 -2.3889065124253177 -2.202928478753131 -1.6555697380491432 
1560244319.631683 -2.389601869382014 -2.2114343149009 -1.6508068423970734 
1560244319.665049 -2.390276150518062 -2.219955578270426 -1.6460557294062221 
1560244319.698415 -2.390613604739516 -2.2246021367151063 -1.6413639861415554 
1560244319.73178 -2.391031655809858 -2.2307995008927954 -1.6367984472835717 
1560244319.765146 -2.3914590815283923 -2.2373821778489678 -1.6323017914514868 
1560244319.798512 -2.391733372463316 -2.242032872929842 -1.627834699460727 
1560244319.831878 -2.3920672132319045 -2.2482423035041466 -1.623177186500877 
1560244319.865244 -2.3924214346841106 -2.2552214339138525 -1.6183284445654413 
1560244319.8983 -2.392729115836991 -2.262137954857947 -1.6130577498140881 
1560244319.931663 -2.392946072431925 -2.2675764581743927 -1.6076674031912739 
1560244319.965026 -2.3931198181480906 -2.2726149249917675 -1.6021827288155694 
1560244319.998389 -2.3933154952487126 -2.2795998018623997 -1.5964011069930506 
1560244320.031751 -2.393440409234053 -2.285034793977787 -1.5904776832632503 
1560244320.065114 -2.393530880292655 -2.290470984404536 -1.5845006069213021 
1560244320.098477 -2.393626650477684 -2.2997871010405833 -1.5786124107620647 
1560244320.13184 -2.3936648868386574 -2.307546661934927 -1.5726766347633185 
1560244320.165203 -2.3936669992251005 -2.3141386834037116 -1.5667172842642494 
1560244320.198566 -2.3936320001513 -2.318796900806038 -1.5607579763572812 
1560244320.231929 -2.393541906000925 -2.325017761404592 -1.5545423360275685 
1560244320.265291 -2.393423916612466 -2.3316022114421866 -1.5482013605187124 
1560244320.298654 -2.3933015780775597 -2.3362590303475477 -1.541860199231005 
1560244320.332017 -2.3930934868051583 -2.3424832847489956 -1.5355429870798627 
1560244320.36538 -2.3928322041347823 -2.349465943460794 -1.5292124083467327 
1560244320.398743 -2.3925159397894813 -2.3564461902143785 -1.522764624752477 
1560244320.432106 -2.3921545815793435 -2.363424334502583 -1.5164370034921104 
1560244320.465469 -2.3917866796678586 -2.36998744003199 -1.5101858902575571 
1560244320.498832 -2.3914882323284146 -2.374636282377821 -1.5040224594681417 
1560244320.532194 -2.3910451350550113 -2.380860348323297 -1.497955704706987 
1560244320.565557 -2.3905569759953456 -2.3874093384149546 -1.4919663875917133 
1560244320.59892 -2.3901746879481847 -2.392051998499306 -1.4861227734955857 
1560244320.632283 -2.3894765649043905 -2.399855063412875 -1.4803033879018315 
1560244320.665646 -2.3886586866026223 -2.4087075904214506 -1.474508256930913 
1560244320.699009 -2.3879642731939894 -2.415660474261214 -1.4687711931282315 
1560244320.732372 -2.3872301139089576 -2.422609356333948 -1.4632490468865946 
1560244320.765734 -2.3865175781447623 -2.429125254020943 -1.457918594052691 
1560244320.799097 -2.3859800203795287 -2.4337524825874195 -1.4529929962613772 
1560244320.83246 -2.3852240764315638 -2.4399652464718478 -1.4483604238879082 
1560244320.865823 -2.3844166188803793 -2.446463937860088 -1.4438880573900035 
1560244320.899186 -2.3838157484431703 -2.451083338118633 -1.4395311501749526 
1560244320.932549 -2.382975334209527 -2.457291654592731 -1.434953600659088 
1560244320.965912 -2.3820813419379885 -2.4637728295348547 -1.4302632323166806 
1560244320.995377 -2.381494335687346 -2.467844781477611 -1.4260700996937106 
1560244321.028725 -2.3808108498056937 -2.4724505105448973 -1.421263037288472 
1560244321.062073 -2.380082943801207 -2.4772286483851182 -1.4164187652980742 
1560244321.095421 -2.3789868450951848 -2.48412661235326 -1.411673006154766 
1560244321.128769 -2.3783035159042054 -2.4883710590872097 -1.4073370163740946 
1560244321.162117 -2.3778917788779363 -2.490845248021786 -1.4033676930091608 
1560244321.195465 -2.377105920796588 -2.4954346147222033 -1.4001849041518304 
1560244321.228813 -2.376308305461998 -2.5000220057614975 -1.3972499478311198 
1560244321.262161 -2.375500608001774 -2.504607737726918 -1.394493088754745 
1560244321.295509 -2.3746754729104036 -2.509190266729774 -1.3917035469757295 
1560244321.328857 -2.374083509420584 -2.512444335711546 -1.3887905329927432 
1560244321.362205 -2.373625389335478 -2.5149166981495976 -1.385784980355943 
1560244321.395553 -2.3727595460997173 -2.5194917533929497 -1.3827466577217258 
1560244321.428902 -2.371882141938822 -2.524064690633727 -1.3798733717121354 
1560244321.46225 -2.371031699513292 -2.528449837950739 -1.377128032019336 
1560244321.495598 -2.370579618597551 -2.5307336177994078 -1.374480504335309 
1560244321.528946 -2.3701220793260798 -2.533016277083608 -1.3717296583927152 
1560244321.562294 -2.3695817668581376 -2.5356749394352636 -1.3688752091684642 
1560244321.595642 -2.36816652263357 -2.5425145444550776 -1.3656948850636659 
1560244321.62899 -2.367295408808177 -2.546692957243909 -1.3625767317689075 
1560244321.662338 -2.3667706954389853 -2.549161482906746 -1.3595118970039828 
1560244321.695686 -2.36578511300067 -2.553712367689575 -1.3565446546102977 
1560244321.729034 -2.3650820706964204 -2.5569316238054665 -1.3537553828293294 
1560244321.762382 -2.3645789946133213 -2.559204733210833 -1.351104636295858 
1560244321.79573 -2.364067916524949 -2.561475961674372 -1.348583911406599 
1560244321.829078 -2.363247864439091 -2.565076075981921 -1.346271317203725 
1560244321.862426 -2.362208317706392 -2.5696149042777416 -1.3441334505485183 
1560244321.895774 -2.3611564330291785 -2.574150650089677 -1.3422876036382299 
1560244321.929122 -2.360097630107056 -2.578684934118336 -1.3405878025820839 
1560244321.962471 -2.3590803044202873 -2.5830187669056897 -1.3390187192101637 
1560244321.997241 -2.3585207439217215 -2.5853806925091862 -1.3376867165188033 
1560244322.030595 -2.3576403603402727 -2.5890758995500933 -1.336655716038063 
1560244322.063947 -2.356558772731047 -2.593605370001983 -1.335815836255768 
1560244322.097301 -2.3554729750619003 -2.5981341657571217 -1.3352842295903042 
1560244322.130654 -2.35507464409 -2.59979557991 -1.3347976481910186 
1560244322.164007 -2.3549282806554137 -2.6004023050496703 -1.3343419039586357 
1560244322.19736 -2.3538361524308264 -2.6049295399528014 -1.3339168693477614 
1560244322.230713 -2.3527420158360863 -2.609456122944623 -1.3334104540234946 
1560244322.264066 -2.35179543495 -2.61336779594 -1.3329323530199997 
