0 -0.1397664 -0.1246989 0 0.0000389 0.0000646 -0.0000339 1.0000000
224 -0.1453024 -0.1044292 0 -0.0032821 -0.0001995 0.0040635 0.9999864
225 -3.4043403 6.2688990 0 0.0948940 0.0415243 -0.0091035 0.9945793
248 -55.0455360 98.8716965 0 -0.0017984 -0.0055113 0.0244653 0.9996839
255 -97.7489014 189.5612946 0 0.0002537 -0.0022899 0.0292934 0.9995682
256 -105.4479752 208.7055359 0 -0.0002299 -0.0031383 0.0315650 0.9994968
257 -114.4620361 222.5257568 0 0.0008386 -0.0023630 0.0325429 0.9994672
258 -123.2710266 238.9869232 0 -0.0001985 -0.0030932 0.0349358 0.9993848
266 -200.1658936 374.4952698 0 0.0007851 -0.0014323 0.0525673 0.9986160
268 -222.6729889 407.2266235 0 0.0007915 -0.0014941 0.0578285 0.9983251
272 -276.0654297 473.7848816 0 0.0007454 -0.0007161 0.0715769 0.9974346
274 -305.3833618 504.7712402 0 -0.0005506 -0.0012358 0.0788306 0.9968871
281 -438.2909546 606.0367432 0 -0.0044862 -0.0026383 0.1098815 0.9939311
284 -515.9884033 656.6899414 0 -0.0047790 -0.0036692 0.1274176 0.9918309
287 -603.5445557 707.1533203 0 -0.0042938 -0.0033938 0.1462697 0.9892296
290 -674.6386108 749.5770874 0 -0.0042352 -0.0039305 0.1618930 0.9867914
293 -749.9766235 782.9334717 0 -0.0053610 -0.0040363 0.1785899 0.9839007
297 -866.5457764 836.4809570 0 -0.0044305 -0.0055453 0.2031199 0.9791281
301 -989.1705933 870.1544800 0 -0.0041968 -0.0070244 0.2285808 0.9734905
304 -1085.4394531 900.1165161 0 -0.0036253 -0.0067284 0.2484069 0.9686256
308 -1198.3216553 932.1905518 0 -0.0043540 -0.0072430 0.2738130 0.9617458
312 -1316.3055420 956.4387207 0 -0.0051994 -0.0088091 0.2987235 0.9542848
315 -1417.0090332 973.5852051 0 -0.0054594 -0.0097411 0.3184228 0.9478830
319 -1522.7998047 986.4978027 0 -0.0062863 -0.0101780 0.3391169 0.9406682
323 -1664.6285400 996.0228882 0 -0.0061158 -0.0110255 0.3660929 0.9304929
327 -1778.2464600 994.6300659 0 -0.0049309 -0.0117852 0.3868733 0.9220444
333 -1975.5866699 994.5286255 0 -0.0063005 -0.0129595 0.4238664 0.9056101
336 -2059.2888184 989.6553345 0 -0.0064416 -0.0137720 0.4388432 0.8984350
339 -2156.5224609 976.6065063 0 -0.0075724 -0.0150493 0.4568407 0.8893890
343 -2283.8791504 960.4913330 0 -0.0068557 -0.0141566 0.4781440 0.8781406
347 -2404.5175781 935.9321289 0 -0.0078433 -0.0163420 0.4996648 0.8660292
351 -2515.2680664 917.1860962 0 -0.0059467 -0.0152731 0.5178299 0.8553266
358 -2733.0490723 824.4545288 0 -0.0109050 -0.0161173 0.5586144 0.8291991
361 -2798.2404785 802.1900024 0 -0.0109949 -0.0196679 0.5705154 0.8209777
364 -2896.5847168 766.7127075 0 -0.0095068 -0.0213150 0.5864289 0.8096644
368 -3010.9726562 706.3404541 0 -0.0103735 -0.0226808 0.6059958 0.7950767
376 -3243.6716309 592.6727905 0 -0.0088197 -0.0237480 0.6425760 0.7658030
380 -3351.6352539 512.0635376 0 -0.0122024 -0.0230987 0.6627231 0.7484087
384 -3453.2416992 424.8890076 0 -0.0111436 -0.0248700 0.6854523 0.7276074
388 -3548.8676758 329.9329834 0 -0.0087891 -0.0245829 0.7048812 0.7088448
392 -3634.3496094 226.2735443 0 -0.0101901 -0.0239218 0.7241662 0.6891351
396 -3718.5173340 119.5267639 0 -0.0098966 -0.0224819 0.7422324 0.6696922
400 -3788.5686035 26.8424625 0 -0.0091894 -0.0251014 0.7591929 0.6503165
404 -3865.6162109 -80.5313492 0 -0.0104675 -0.0237780 0.7751912 0.6311923
408 -3933.4609375 -179.6802673 0 -0.0106729 -0.0255098 0.7893711 0.6132933
413 -4022.6284180 -317.0676880 0 -0.0120290 -0.0260805 0.8076105 0.5890166
418 -4099.2944336 -446.6091919 0 -0.0145115 -0.0263061 0.8230078 0.5672351
423 -4167.1791992 -618.8474121 0 -0.0105107 -0.0214840 0.8417201 0.5393841
427 -4203.1816406 -715.3720703 0 -0.0052063 -0.0204372 0.8542641 0.5194113
430 -4208.4438477 -808.9813843 0 -0.0045939 -0.0241565 0.8663105 0.4989003
433 -4210.0341797 -934.9160767 0 -0.0078050 -0.0212384 0.8794631 0.4754288
439 -4225.1801758 -1153.7496338 0 -0.0047175 -0.0137902 0.9006811 0.4342363
445 -4225.3564453 -1310.5893555 0 -0.0068597 -0.0169432 0.9149040 0.4032574
451 -4218.8603516 -1520.2534180 0 -0.0054291 -0.0114316 0.9316480 0.3631416
453 -4219.2475586 -1571.6282959 0 -0.0010630 -0.0131647 0.9356452 0.3526949
455 -4202.8598633 -1637.3278809 0 -0.0021234 -0.0136687 0.9402267 0.3402680
464 -4107.1518555 -1889.3885498 0 -0.0155042 -0.0284469 0.9582663 0.2840354
467 -4069.4377441 -2041.2969971 0 -0.0212166 -0.0160815 0.9658922 0.2575723
470 -4047.6269531 -2122.9299316 0 -0.0191180 -0.0171001 0.9703480 0.2403474
472 -4032.5336914 -2157.5607910 0 -0.0175878 -0.0220278 0.9721649 0.2325958
473 -4020.9355469 -2194.3562012 0 -0.0169256 -0.0238049 0.9737461 0.2257553
475 -4015.1010742 -2248.2297363 0 -0.0154609 -0.0253960 0.9758372 0.2164664
476 -4015.8049316 -2268.7297363 0 -0.0148109 -0.0255242 0.9763314 0.2142570
477 -4012.9538574 -2302.9016113 0 -0.0139907 -0.0277525 0.9772338 0.2098763
481 -4063.3073730 -2419.0749512 0 -0.0079199 -0.0330628 0.9791617 0.2002161
484 -4077.6655273 -2522.4545898 0 -0.0115914 -0.0299938 0.9796476 0.1981329
487 -4119.2270508 -2647.8737793 0 -0.0154034 -0.0240762 0.9809356 0.1922199
490 -4147.3691406 -2704.1752930 0 -0.0122749 -0.0370848 0.9811603 0.1892046
502 -4051.4577637 -3115.4013672 0 -0.0239440 -0.0288509 0.9864568 0.1596789
506 -3993.1232910 -3190.3972168 0 -0.0310414 -0.0333013 0.9903891 0.1306020
510 -4016.0732422 -3293.2683105 0 -0.0240231 -0.0393780 0.9926177 0.1121715
513 -4019.4128418 -3413.5876465 0 -0.0234739 -0.0370042 0.9937747 0.1024286
525 -4081.0153809 -3839.9768066 0 -0.0201177 -0.0308227 0.9951225 0.0915232
526 -4085.3322754 -3865.0104980 0 -0.0197977 -0.0305244 0.9951255 0.0916600
527 -4101.0424805 -3918.5297852 0 -0.0186760 -0.0289335 0.9951532 0.0921097
528 -4109.4594727 -3945.3864746 0 -0.0181552 -0.0275473 0.9952545 0.0915421
529 -4112.6757812 -3987.9155273 0 -0.0199423 -0.0290066 0.9951642 0.0917010
539 -4119.4853516 -4323.6821289 0 -0.0180106 -0.0248057 0.9964164 0.0788333
541 -4098.6098633 -4389.8657227 0 -0.0232430 -0.0257710 0.9967004 0.0733750
544 -4099.0537109 -4481.5195312 0 -0.0169787 -0.0233256 0.9971808 0.0692678
562 -4023.6730957 -5053.1865234 0 -0.0260213 -0.0482159 0.9979861 0.0319667
580 -4036.8693848 -5621.2768555 0 -0.0210245 -0.0635886 0.9967398 0.0449918
604 -4156.0742188 -6308.9638672 0 -0.0085671 -0.0639720 0.9964947 0.0532206
607 -4155.8276367 -6402.7084961 0 -0.0091324 -0.0635437 0.9964260 0.0549006
610 -4159.0458984 -6475.8920898 0 -0.0106555 -0.0644845 0.9963411 0.0550688
625 -4163.1230469 -6946.2509766 0 -0.0181854 -0.0607371 0.9963208 0.0576630
654 -4211.3071289 -8003.1000977 0 -0.0121703 -0.0325758 0.9982941 0.0468989
655 -4177.3588867 -8062.0551758 0 -0.0268794 -0.0295072 0.9981402 0.0460747
699 -4260.1049805 -9515.1582031 0 -0.0282865 -0.0299753 0.9968870 0.0672129
706 -4278.8222656 -9740.9541016 0 -0.0283001 -0.0257550 0.9973330 0.0621508
714 -4289.3095703 -10035.1777344 0 -0.0280199 -0.0143378 0.9979291 0.0560970
720 -4287.6196289 -10222.7792969 0 -0.0261202 -0.0153001 0.9982017 0.0517399
724 -4237.8432617 -10354.9521484 0 -0.0347527 -0.0073778 0.9984591 0.0426285
736 -4212.3413086 -10644.0175781 0 -0.0344392 -0.0345540 0.9984620 0.0263381
744 -4160.0444336 -10899.2070312 0 -0.0155236 -0.0308777 0.9993853 0.0058834
748 -4111.5205078 -11006.1572266 0 -0.0153546 -0.0309180 0.9993936 -0.0045585
752 -4040.6894531 -11097.1113281 0 -0.0151863 -0.0309435 0.9991478 -0.0227060
756 -3951.6625977 -11179.2910156 0 -0.1752141 -0.3935632 0.8376637 -0.3357491
759 -3878.3872070 -11240.8593750 0 0.1540724 0.3468135 0.8873515 0.2618956
762 -3807.0493164 -11289.8437500 0 0.1328636 0.2915340 0.9237138 0.2100189
765 -3720.6079102 -11342.5664062 0 -0.0161452 -0.0270684 0.9937257 -0.1073119
768 -3636.2880859 -11388.7265625 0 -0.0143665 -0.0308673 0.9916900 -0.1240634
771 -3548.0307617 -11427.1943359 0 -0.0924857 0.0888743 0.9910069 -0.0381189
774 -3456.3566895 -11459.3183594 0 0.0874623 -0.1765424 0.9347310 -0.2957382
777 -3362.6301270 -11485.9091797 0 -0.0190094 -0.0400806 0.9793192 -0.1973986
780 -3267.3527832 -11508.4863281 0 0.0220143 0.0311173 0.9869916 -0.1561877
783 -3171.3400879 -11526.0146484 0 -0.0123668 -0.0295987 0.9715750 -0.2345487
786 -3074.4523926 -11541.7246094 0 -0.0135500 -0.0305951 0.9659478 -0.2565641
789 -2982.7282715 -11545.3144531 0 -0.0118679 -0.0301345 0.9599671 -0.2782342
792 -2904.3107910 -11563.3056641 0 -0.0091581 -0.0309488 0.9533801 -0.3000412
795 -2797.0231934 -11534.8427734 0 -0.0119147 -0.0339522 0.9469264 -0.3194304
798 -2712.1166992 -11551.8789062 0 -0.0137170 -0.0301105 0.9386898 -0.3431715
801 -2619.5683594 -11537.2626953 0 -0.1420272 0.1742128 -0.8181542 0.5292466
804 -2517.1977539 -11514.7353516 0 -0.1361262 0.1612441 -0.8119244 0.5442874
807 -2415.2348633 -11493.9462891 0 0.0427432 -0.0754365 0.8778268 -0.4710652
810 -2317.5476074 -11475.4443359 0 -0.0133614 -0.0304503 0.9033325 -0.4276500
813 -2252.9145508 -11445.0029297 0 -0.0042934 -0.0343965 0.8931023 -0.4485161
816 -2175.4421387 -11420.9863281 0 -0.0019217 -0.0343506 0.8855998 -0.4631731
819 -2075.1723633 -11407.8193359 0 0.0009470 -0.0302745 0.8757116 -0.4818836
822 -1982.2436523 -11391.3271484 0 0.0001134 -0.0309439 0.8657412 -0.4995344
825 -1875.1652832 -11347.0673828 0 0.0052559 0.0320156 -0.8550212 0.5175772
828 -1765.4702148 -11360.5732422 0 0.0051788 0.0244406 -0.8448621 0.5344004
831 -1668.0568848 -11320.4560547 0 0.0075811 0.0256763 -0.8355244 0.5488006
835 -1540.2006836 -11270.4531250 0 0.0107530 0.0259330 -0.8228800 0.5675212
839 -1418.9613037 -11210.7626953 0 0.0136983 0.0275901 -0.8123459 0.5823619
843 -1310.9746094 -11195.2441406 0 0.0061719 0.0258814 -0.7990175 0.6007187
847 -1198.6623535 -11158.9111328 0 0.0083560 0.0282175 -0.7884634 0.6143773
851 -1065.0728760 -11125.4130859 0 0.0079332 0.0266905 -0.7755797 0.6306352
855 -951.5449829 -11099.8085938 0 0.0052626 0.0296929 -0.7657212 0.6424653
859 -819.4412231 -11076.8359375 0 0.0069554 0.0275867 -0.7576572 0.6520324
863 -685.4573975 -11054.1074219 0 0.0080945 0.0262077 -0.7506130 0.6601726
867 -553.8677979 -11022.4257812 0 0.0100774 0.0257445 -0.7434275 0.6682449
871 -455.0562744 -10945.7822266 0 0.0088463 0.0356064 -0.7343249 0.6778060
875 -349.2535400 -10893.9619141 0 0.0091424 0.0314686 -0.7155713 0.6977707
878 -285.0662537 -10817.4023438 0 0.0084723 0.0285331 -0.7031947 0.7103741
881 -216.1743774 -10730.4931641 0 0.0107042 0.0254758 -0.6865975 0.7265124
884 -155.5607605 -10654.3710938 0 0.0146031 0.0260072 -0.6725391 0.7394603
887 -85.1646805 -10556.4511719 0 0.0179501 0.0233676 -0.6569543 0.7533544
888 -76.7532501 -10532.6376953 0 0.0172165 0.0246229 -0.6529296 0.7568224
889 -60.7482719 -10504.8759766 0 0.0153323 0.0231232 -0.6459765 0.7628530
890 -41.4937325 -10478.4501953 0 0.0190531 0.0230604 -0.6422443 0.7659161
891 -22.9255600 -10442.9619141 0 0.0184731 0.0234615 -0.6355147 0.7715111
893 11.5534067 -10392.7402344 0 0.0191827 0.0227918 -0.6241229 0.7807581
905 168.0226135 -10033.7353516 0 0.0229855 0.0202777 -0.5543082 0.8317469
908 193.7329712 -9952.3300781 0 0.0228790 0.0189880 -0.5361709 0.8435857
909 202.9122314 -9911.9775391 0 0.0222766 0.0187873 -0.5295667 0.8477676
937 212.6089172 -9047.4550781 0 -0.0000797 0.0127898 -0.3401001 0.9403023
938 198.0282898 -9054.8349609 0 -0.0073641 0.0135753 -0.3359365 0.9417580
940 199.8050079 -8975.4296875 0 -0.0058651 0.0099343 -0.3225930 0.9464675
943 199.7500916 -8867.0605469 0 -0.0036547 0.0019726 -0.3007442 0.9536958
966 93.1891403 -8165.9272461 0 -0.0101233 0.0022446 -0.1825682 0.9831385
974 40.9619408 -7926.8413086 0 -0.0124423 -0.0002075 -0.1462140 0.9891747
976 29.1631165 -7863.8364258 0 -0.0125360 -0.0016646 -0.1369374 0.9904990
992 -97.6910324 -7359.8554688 0 -0.0131621 -0.0043322 -0.0792532 0.9967582
1012 -79.2467728 -6673.6826172 0 -0.0109418 -0.0089135 -0.0588731 0.9981657
1021 -37.8335915 -6354.5219727 0 -0.0136339 -0.0036037 -0.0670959 0.9976469
1027 -6.0182123 -6142.9116211 0 -0.0127514 -0.0040254 -0.0738025 0.9971832
1042 78.6947937 -5599.5791016 0 -0.0037922 -0.0052974 -0.0764249 0.9970540
1049 61.9820175 -5337.8955078 0 0.0012474 -0.0062176 -0.0658170 0.9978116
1088 -0.1288853 -3985.5668945 0 -0.0011979 0.0124378 -0.0440001 0.9989534
1092 13.1066256 -3865.8559570 0 -0.0078326 0.0092543 -0.0449240 0.9989169
1094 30.0768776 -3793.7644043 0 -0.0069890 0.0079640 -0.0447090 0.9989439
1106 92.8560181 -3351.8483887 0 -0.0004089 0.0097715 -0.0494489 0.9987288
1108 100.6869888 -3288.7788086 0 -0.0018313 0.0089250 -0.0505013 0.9986824
1110 107.6914444 -3221.0339355 0 -0.0017540 0.0083676 -0.0514829 0.9986373
1115 132.0193024 -3040.6489258 0 -0.0033024 0.0068439 -0.0542095 0.9985006
1117 138.7015228 -2978.2404785 0 -0.0052936 0.0063889 -0.0549154 0.9984565
1121 146.3259430 -2836.0654297 0 -0.0034340 0.0064707 -0.0559083 0.9984090
1123 151.5483246 -2768.9382324 0 -0.0037187 0.0062818 -0.0572583 0.9983327
1125 162.6446838 -2700.3522949 0 -0.0046856 0.0059341 -0.0583890 0.9982653
1129 182.8371735 -2562.5019531 0 -0.0044117 0.0049582 -0.0601051 0.9981700
1131 184.7117004 -2493.8161621 0 -0.0037385 0.0061351 -0.0609266 0.9981164
1133 195.1275177 -2423.3674316 0 -0.0036457 0.0063322 -0.0617080 0.9980675
1135 207.8207855 -2357.1149902 0 -0.0037768 0.0063792 -0.0620345 0.9980465
1137 216.5343170 -2286.8334961 0 -0.0041128 0.0067278 -0.0636141 0.9979434
1143 233.8997040 -2070.9685059 0 -0.0039506 0.0079316 -0.0648447 0.9978560
1149 284.2165833 -1850.1151123 0 -0.0023563 0.0072924 -0.0655333 0.9978210
1152 290.7362976 -1758.7285156 0 -0.0040523 0.0067512 -0.0656473 0.9978118
1155 299.6362915 -1644.8996582 0 -0.0037990 0.0062740 -0.0658484 0.9978027
1159 310.7346191 -1500.2041016 0 -0.0029804 0.0074351 -0.0667139 0.9977400
1163 322.3763733 -1351.8707275 0 -0.0031986 0.0071572 -0.0671731 0.9977105
1167 341.7997437 -1206.6127930 0 -0.0029820 0.0066953 -0.0666908 0.9977468
1171 346.7356567 -1060.4201660 0 -0.0023914 0.0079066 -0.0652795 0.9978328
1175 354.3731079 -915.0488892 0 -0.0025194 0.0083633 -0.0581342 0.9982706
1179 294.6965942 -784.5739136 0 -0.0032367 0.0073553 -0.0489513 0.9987689
1182 273.8872070 -707.2874146 0 -0.0045932 0.0038028 -0.0365271 0.9993149
1185 227.3276062 -621.0469971 0 -0.0069905 0.0026943 -0.0208659 0.9997542
1189 151.0169220 -515.9163818 0 -0.0077001 0.0024473 0.0001442 0.9999673
1197 -24.5322037 -311.4916382 0 -0.0060452 0.0017157 0.0453165 0.9989529
1201 -115.0663223 -220.7046051 0 -0.0060147 0.0013799 0.0715601 0.9974172
1204 -188.5570068 -165.0479279 0 -0.0055116 0.0014613 0.0895295 0.9959679
1208 -298.3261719 -91.3038940 0 -0.0054586 -0.0010587 0.1184575 0.9929436
1212 -420.0933228 -20.5138683 0 -0.0035765 -0.0019563 0.1444729 0.9895003
1215 -520.6950073 20.0116253 0 -0.0040899 -0.0016412 0.1678528 0.9858022
1219 -641.4317627 64.8281403 0 -0.0059463 -0.0014605 0.1942189 0.9809391
1223 -768.4423828 109.2828827 0 -0.0050204 -0.0016304 0.2208491 0.9752937
1226 -850.5822754 124.3902512 0 -0.0085005 -0.0016860 0.2395246 0.9708516
1230 -981.3214722 150.9057922 0 -0.0097032 -0.0026398 0.2664960 0.9637836
1234 -1110.0627441 172.5723877 0 -0.0088302 -0.0034116 0.2937242 0.9558433
1238 -1239.4797363 187.2259521 0 -0.0110093 -0.0030276 0.3200426 0.9473343
1245 -1482.5993652 196.4964905 0 -0.0096879 -0.0042483 0.3688466 0.9294301
1248 -1569.1890869 199.7100983 0 -0.0111932 -0.0039761 0.3859894 0.9224267
1252 -1703.6019287 188.8530731 0 -0.0112620 -0.0069878 0.4118726 0.9111450
1256 -1834.7690430 170.4425659 0 -0.0118027 -0.0081561 0.4384050 0.8986630
1260 -1964.5465088 164.4351807 0 -0.0114025 -0.0089855 0.4616303 0.8869537
1263 -2071.9128418 138.9548187 0 -0.0091027 -0.0097808 0.4821350 0.8759950
1267 -2198.2619629 115.1436081 0 -0.0099179 -0.0093022 0.5047980 0.8631304
1274 -2411.7600098 36.5757027 0 -0.0098026 -0.0086813 0.5410963 0.8408587
1277 -2503.3339844 0.1893456 0 -0.0094730 -0.0103821 0.5574780 0.8300728
1281 -2619.4069824 -51.3917847 0 -0.0094432 -0.0113877 0.5782976 0.8156918
1289 -2849.0759277 -168.6499481 0 -0.0097989 -0.0119287 0.6189194 0.7853028
1293 -2962.9772949 -240.0048981 0 -0.0108494 -0.0104781 0.6384865 0.7694852
1297 -3072.7365723 -310.8072510 0 -0.0088497 -0.0126707 0.6587741 0.7521820
1305 -3292.8408203 -463.2990723 0 -0.0072671 -0.0126249 0.6961815 0.7177181
1314 -3504.0122070 -683.2720337 0 -0.0131240 -0.0100882 0.7343199 0.6786017
1318 -3599.6325684 -771.9639282 0 -0.0098229 -0.0113003 0.7500810 0.6611764
1323 -3713.5158691 -906.7375488 0 -0.0116470 -0.0106915 0.7702695 0.6375226
1327 -3795.5004883 -1008.3764648 0 -0.0108308 -0.0113087 0.7846382 0.6197562
1332 -3872.2468262 -1108.7226562 0 -0.0103340 -0.0204387 0.8012362 0.5979097
1337 -3974.5268555 -1250.2698975 0 -0.0112843 -0.0184909 0.8181672 0.5745722
1343 -4071.4753418 -1411.9068604 0 -0.0128595 -0.0218058 0.8362076 0.5478285
1346 -4120.2924805 -1487.5863037 0 -0.0140602 -0.0200017 0.8441621 0.5355301
1350 -4170.3496094 -1594.2569580 0 -0.0152820 -0.0213683 0.8554727 0.5171811
1352 -4171.3847656 -1667.5214844 0 -0.0261268 -0.0222673 0.8617243 0.5062143
1353 -4179.6416016 -1712.3271484 0 -0.0263885 -0.0238066 0.8656032 0.4994677
1354 -4184.1186523 -1749.9522705 0 -0.0266265 -0.0206357 0.8708208 0.4904450
1357 -4185.7504883 -1855.8604736 0 -0.0303526 -0.0202873 0.8799977 0.4735729
1360 -4196.2348633 -1948.0815430 0 -0.0236483 -0.0207467 0.8928775 0.4491993
1363 -4195.0117188 -2036.3184814 0 -0.0240927 -0.0281614 0.8999799 0.4343532
1366 -4215.4790039 -2113.9323730 0 -0.0188531 -0.0258042 0.9068986 0.4201353
1369 -4213.7265625 -2232.8886719 0 -0.0169609 -0.0242226 0.9156182 0.4009599
1372 -4214.1723633 -2325.1618652 0 -0.0170663 -0.0235570 0.9224228 0.3850845
1375 -4227.0493164 -2425.1455078 0 -0.0144567 -0.0204689 0.9293101 0.3684490
1378 -4202.1464844 -2529.8911133 0 -0.0152729 -0.0255076 0.9379300 0.3455479
1381 -4191.6557617 -2618.0002441 0 -0.0130542 -0.0301077 0.9442574 0.3275683
1384 -4177.1918945 -2709.9328613 0 -0.0134896 -0.0317494 0.9500273 0.3102548
1387 -4161.6777344 -2803.3457031 0 -0.0138902 -0.0344203 0.9555843 0.2923712
1391 -4150.7021484 -2939.6335449 0 -0.0128567 -0.0323565 0.9620011 0.2708165
1395 -4155.4033203 -3068.0278320 0 -0.0103508 -0.0315224 0.9678210 0.2494428
1399 -4158.7373047 -3191.3859863 0 -0.0098213 -0.0320485 0.9731263 0.2278193
1403 -4128.5449219 -3331.4216309 0 -0.0121372 -0.0281386 0.9780596 0.2060590
1407 -4100.1513672 -3450.0019531 0 -0.0101858 -0.0284685 0.9824895 0.1838480
1411 -4090.4572754 -3570.6901855 0 -0.0068173 -0.0285586 0.9866290 0.1603158
1422 -4039.0095215 -3904.2475586 0 -0.0053427 -0.0275616 0.9919355 0.1235951
1425 -4055.7922363 -4007.9841309 0 -0.0054376 -0.0284119 0.9924129 0.1194986
1426 -4062.8005371 -4031.1459961 0 -0.0048339 -0.0282681 0.9924610 0.1191582
1430 -4074.9626465 -4160.4956055 0 -0.0050877 -0.0287289 0.9927533 0.1165744
1436 -4089.7011719 -4381.9453125 0 -0.0108063 -0.0252532 0.9946687 0.0993970
1440 -4056.2202148 -4507.2558594 0 -0.0282179 -0.0283527 0.9953988 0.0870702
1444 -4012.4121094 -4596.6069336 0 -0.0248205 -0.0385155 0.9964157 0.0711080
1460 -3909.6784668 -5048.4726562 0 -0.0234718 -0.0522955 0.9978489 0.0318104
1509 -4033.3981934 -6735.5693359 0 -0.0108364 -0.0504003 0.9971759 0.0546121
1513 -4047.5600586 -6882.9536133 0 -0.0156686 -0.0471642 0.9970430 0.0586109
1518 -4094.4289551 -7016.1386719 0 -0.0118088 -0.0538058 0.9962452 0.0667907
1527 -4086.7724609 -7409.8710938 0 -0.0217827 -0.0407386 0.9972273 0.0583400
1539 -4063.7092285 -7864.0498047 0 -0.0215159 -0.0298881 0.9983730 0.0435334
1546 -4057.3217773 -8106.6435547 0 -0.0192465 -0.0252151 0.9988951 0.0346746
1557 -4032.0251465 -8505.8984375 0 -0.0165350 -0.0199912 0.9991577 0.0317939
1572 -3984.8898926 -9002.0878906 0 -0.0737585 -0.0446128 0.9951668 0.0470354
1596 -4103.1357422 -9865.2568359 0 -0.0614166 -0.0518743 0.9941027 0.0727800
1605 -4103.6347656 -10233.2089844 0 -0.0840208 -0.0008491 0.9849558 0.1510029
1608 -4091.4941406 -10313.8144531 0 -0.0472548 -0.0632521 0.9964491 0.0292477
1611 -4091.5451660 -10421.4746094 0 -0.0201147 -0.0427886 0.9984963 0.0277426
1614 -4070.9516602 -10478.3984375 0 -0.0230567 -0.0471178 0.9980615 0.0334894
1617 -4078.1711426 -10630.3554688 0 0.1907089 -0.1716510 0.8920287 -0.3720897
1620 -4071.3115234 -10741.6123047 0 -0.0597775 -0.0132741 0.9938338 0.0924383
1623 -4063.6318359 -10847.5175781 0 -0.0167124 -0.0450302 0.9984652 0.0275704
1626 -4054.3232422 -10954.0312500 0 -0.0218557 -0.0372195 0.9988768 0.0195508
1629 -4040.0087891 -11059.9277344 0 -0.0222594 -0.0369600 0.9989309 0.0165967
1632 -4012.5000000 -11161.9111328 0 -0.0227067 -0.0366831 0.9990112 0.0107415
1635 -3970.3281250 -11257.5605469 0 -0.0231909 -0.0364650 0.9990650 0.0012184
1639 -3896.9291992 -11370.2285156 0 -0.0236128 -0.0361028 0.9989342 -0.0164170
1643 -3809.3085938 -11468.7792969 0 -0.0239550 -0.0356710 0.9983382 -0.0383999
1646 -3738.9543457 -11539.6962891 0 -0.0242348 -0.0352572 0.9975228 -0.0558381
1650 -3642.8339844 -11628.6718750 0 -0.0250489 -0.0356076 0.9960507 -0.0773799
1653 -3568.9516602 -11690.5830078 0 -0.0001478 0.0445095 0.9988711 -0.0165943
1656 -3487.8750000 -11748.6806641 0 0.0231041 0.1248965 0.9900563 0.0604612
1659 -3403.0776367 -11801.5527344 0 0.0297056 0.1450557 0.9855672 0.0820588
1662 -3312.5317383 -11842.7822266 0 0.4482805 0.5257031 0.2210418 0.6883469
1665 -3217.9260254 -11875.1279297 0 -0.0257314 -0.0249712 0.9850085 -0.1687381
1668 -3118.7973633 -11894.6621094 0 -0.0257691 -0.0252950 0.9811938 -0.1896178
1671 -3045.2714844 -11925.3417969 0 -0.0146069 -0.0231285 0.9767745 -0.2125164
1674 -3038.8007812 -11908.8095703 0 -0.0032878 -0.0374704 0.9705347 -0.2380076
1677 -2971.0693359 -11968.7324219 0 0.0118925 -0.0264184 0.9632137 -0.2671705
1680 -2772.8127441 -11945.4316406 0 -0.0152970 -0.0275856 0.9575016 -0.2866980
1683 -2663.7231445 -11932.1093750 0 -0.0161959 -0.0278644 0.9508494 -0.3079718
1686 -2560.9294434 -11949.1806641 0 -0.0159132 -0.0235287 0.9423757 -0.3333484
1689 -2449.8457031 -11922.2617188 0 -0.0205768 -0.0250499 0.9340912 -0.3555599
1692 -2362.8481445 -11895.0654297 0 -0.0248748 -0.0254712 0.9271496 -0.3729961
1695 -2264.3022461 -11913.2968750 0 -0.0122730 -0.0182700 0.9160796 -0.4003920
1698 -2200.5339355 -11889.6103516 0 -0.0070261 -0.0195868 0.9082288 -0.4179562
1701 -2074.4863281 -11859.3574219 0 -0.0126332 -0.0181714 0.8962885 -0.4429189
1704 -1986.3402100 -11827.3515625 0 -0.0149096 -0.0182618 0.8871762 -0.4608282
1707 -1922.1564941 -11821.4433594 0 0.0002551 -0.0159388 0.8755488 -0.4828666
1710 -1814.3906250 -11779.0917969 0 0.0070063 0.0136188 -0.8647734 0.5019287
1713 -1707.9436035 -11745.6767578 0 0.0085033 0.0088855 -0.8518110 0.5237048
1716 -1620.8184814 -11647.0214844 0 0.0184763 0.0188455 -0.8419085 0.5389745
1719 -1485.4235840 -11604.3720703 0 0.0276779 0.0107865 -0.8300454 0.5569041
1722 -1429.2359619 -11572.0693359 0 0.0243715 0.0078584 -0.8187317 0.5736049
1725 -1342.4616699 -11511.7099609 0 0.0277574 0.0072067 -0.8078927 0.5886315
1728 -1286.9125977 -11481.9355469 0 0.0197614 0.0099362 -0.7956527 0.6053490
1731 -1199.7851562 -11426.9921875 0 0.0173100 0.0099426 -0.7815844 0.6234801
1734 -1121.9672852 -11365.8476562 0 0.0207036 0.0073234 -0.7707055 0.6368129
1737 -1052.2807617 -11303.5234375 0 0.0180203 0.0062090 -0.7600582 0.6495755
1740 -1009.9008179 -11283.8740234 0 -0.0061846 -0.0040156 -0.7497626 0.6616659
1743 -909.4660034 -11213.4550781 0 0.0074298 0.0073792 -0.7319588 0.6812684
1751 -683.6137085 -11061.7255859 0 0.0121347 0.0072677 -0.7012997 0.7127263
1754 -607.6665039 -11008.3310547 0 0.0136997 0.0055611 -0.6889613 0.7246473
1756 -561.0009766 -10967.4394531 0 0.0147480 0.0053291 -0.6796765 0.7333443
1757 -531.4857788 -10936.3613281 0 0.0147202 0.0059053 -0.6735396 0.7389809
1767 -315.7828064 -10682.3359375 0 0.0181883 0.0007473 -0.6251446 0.7802966
1768 -295.8832397 -10658.4013672 0 0.0197486 0.0006227 -0.6222954 0.7825331
1769 -274.5708008 -10628.4433594 0 0.0179933 0.0002556 -0.6164024 0.7872257
1771 -253.3358765 -10569.1435547 0 0.0166527 0.0017562 -0.6056875 0.7955264
1778 -139.3939972 -10368.6835938 0 0.0207183 -0.0014502 -0.5707737 0.8208448
1780 -112.5364532 -10308.8457031 0 0.0203158 -0.0006803 -0.5593144 0.8287064
1783 -68.1093369 -10203.0771484 0 0.0206599 -0.0026470 -0.5430751 0.8394257
1784 -68.2684402 -10190.7724609 0 0.0179058 -0.0019221 -0.5393000 0.8419212
1785 -52.6448135 -10151.3164062 0 0.0181154 -0.0032185 -0.5315727 0.8468128
1795 40.9853287 -9856.4912109 0 0.0158951 -0.0069078 -0.4705898 0.8821819
1796 47.0484467 -9832.0478516 0 0.0162027 -0.0070598 -0.4657068 0.8847626
1797 63.5192871 -9780.1523438 0 0.0208291 -0.0069791 -0.4590494 0.8881391
1803 111.5631256 -9599.6162109 0 0.0131230 -0.0066262 -0.4308948 0.9022824
1805 142.5622559 -9534.8974609 0 0.0142480 -0.0085102 -0.4222548 0.9063252
1809 186.0241852 -9419.1289062 0 0.0089967 -0.0069563 -0.4088828 0.9125160
1810 191.5808563 -9394.2119141 0 0.0096331 -0.0062579 -0.4060826 0.9137642
1812 216.6205902 -9338.3486328 0 0.0065268 -0.0046785 -0.3992372 0.9168125
1813 225.0210571 -9293.3574219 0 0.0062357 -0.0019659 -0.3961498 0.9181626
1827 262.2194214 -8853.8388672 0 0.0010996 -0.0112162 -0.3201075 0.9473142
1838 176.7766266 -8507.9843750 0 -0.0038222 -0.0051079 -0.2563658 0.9665588
1845 145.4621124 -8298.5751953 0 -0.0107916 0.0021069 -0.2203908 0.9753497
1846 144.9206848 -8277.9101562 0 -0.0105658 -0.0018241 -0.2196659 0.9755162
1847 139.9955444 -8238.6601562 0 -0.0110678 -0.0023019 -0.2137456 0.9768239
1853 112.8445816 -8050.7426758 0 -0.0116762 -0.0066656 -0.1867148 0.9823222
1895 106.4485779 -6663.3833008 0 -0.0151155 -0.0112355 -0.0931112 0.9954776
1924 57.9314194 -5655.3549805 0 -0.0039910 -0.0069473 -0.0543209 0.9984914
1929 71.9081116 -5467.5556641 0 -0.0030613 -0.0121187 -0.0524327 0.9985462
1934 80.7984161 -5304.5703125 0 -0.0018106 -0.0139816 -0.0498855 0.9986554
1955 115.2849655 -4591.7519531 0 -0.0124742 -0.0194926 -0.0404042 0.9989154
1960 107.4917068 -4418.0703125 0 -0.0096512 -0.0201281 -0.0410022 0.9989097
1962 109.1839294 -4351.5585938 0 -0.0119800 -0.0198180 -0.0405952 0.9989073
1972 104.6713104 -3993.2656250 0 -0.0117131 -0.0185082 -0.0341079 0.9991781
1974 103.7632294 -3925.2712402 0 -0.0125028 -0.0196071 -0.0334927 0.9991684
1977 118.5231171 -3816.9216309 0 -0.0153413 -0.0212053 -0.0324751 0.9991298
1984 113.1889877 -3573.1616211 0 -0.0134623 -0.0207000 -0.0295355 0.9992587
1987 122.0985718 -3454.3195801 0 -0.0112410 -0.0184162 -0.0281343 0.9993713
1992 136.2014160 -3287.8857422 0 -0.0115027 -0.0190951 -0.0289288 0.9993328
1996 137.8356781 -3147.4333496 0 -0.0117793 -0.0196517 -0.0290306 0.9993159
2004 138.6907501 -2872.0539551 0 -0.0122251 -0.0187438 -0.0307174 0.9992776
2008 147.1887054 -2730.6372070 0 -0.0122846 -0.0188483 -0.0316599 0.9992455
2012 152.5276794 -2594.8527832 0 -0.0121202 -0.0196469 -0.0317783 0.9992284
2017 162.6990204 -2417.9953613 0 -0.0124565 -0.0196262 -0.0334395 0.9991704
2022 169.8097992 -2248.4536133 0 -0.0126464 -0.0199075 -0.0340064 0.9991433
2027 184.7704926 -2066.3859863 0 -0.0127937 -0.0186511 -0.0345409 0.9991474
2033 214.5914612 -1849.4606934 0 -0.0134544 -0.0208680 -0.0388379 0.9989370
2039 233.0959320 -1629.5063477 0 -0.0127768 -0.0197498 -0.0436327 0.9987707
2045 259.5865173 -1405.7082520 0 -0.0129223 -0.0199876 -0.0478062 0.9985730
2052 292.7193298 -1148.3646240 0 -0.0113895 -0.0204695 -0.0524452 0.9983490
2059 312.4908447 -882.9939575 0 -0.0106433 -0.0175916 -0.0558888 0.9982253
2066 317.4843140 -634.8696289 0 -0.0123842 -0.0180901 -0.0544938 0.9982734
2073 280.2401733 -394.1088257 0 -0.0109580 -0.0200891 -0.0399853 0.9989382
2080 182.1274414 -185.7385406 0 -0.0117388 -0.0204581 -0.0116767 0.9996536
2087 33.3237381 5.9919672 0 -0.0129580 -0.0188483 0.0277084 0.9993543
2094 -132.0677795 159.9103851 0 -0.0151876 -0.0205371 0.0685359 0.9973216
2100 -294.1869202 270.2716980 0 -0.0183561 -0.0228311 0.1107138 0.9934205
2105 -434.6156616 346.3989258 0 -0.0195390 -0.0238740 0.1438353 0.9891207
2110 -587.9526978 406.9569092 0 -0.0210205 -0.0256378 0.1798062 0.9831432
2115 -744.6170044 443.6282349 0 -0.0212980 -0.0253850 0.2146685 0.9761247
2121 -943.9449463 479.6570435 0 -0.0237382 -0.0230649 0.2589902 0.9653127
2127 -1136.6027832 497.6187744 0 -0.0255590 -0.0256201 0.3029339 0.9523242
2133 -1341.8320312 478.5765381 0 -0.0269609 -0.0262862 0.3492215 0.9362833
2139 -1539.7926025 435.8318481 0 -0.0278502 -0.0262002 0.3959432 0.9174786
2144 -1693.2106934 380.8796387 0 -0.0291596 -0.0268118 0.4323846 0.9008188
2150 -1875.8830566 297.5121765 0 -0.0307798 -0.0275855 0.4779985 0.8773876
2156 -2055.6140137 186.2972107 0 -0.0338538 -0.0274822 0.5258219 0.8494763
2162 -2205.2416992 80.7717819 0 -0.0348472 -0.0261402 0.5640680 0.8245785
2167 -2337.0029297 7.5727291 0 -0.0318614 -0.0280702 0.5913267 0.8053134
2173 -2521.1333008 -47.0875664 0 -0.0286119 -0.0272305 0.6167067 0.7862014
2179 -2715.1860352 -98.8929520 0 -0.0308058 -0.0272368 0.6357504 0.7707986
2186 -2919.1323242 -199.1817017 0 -0.0312700 -0.0265838 0.6621568 0.7482405
2192 -3084.1145020 -316.6714172 0 -0.0369112 -0.0271812 0.6896465 0.7226939
2198 -3208.0656738 -456.1869812 0 -0.0417348 -0.0277444 0.7149264 0.6974014
2204 -3342.4956055 -598.2274170 0 -0.0411058 -0.0270593 0.7416980 0.6689262
2210 -3484.7785645 -763.0913086 0 -0.0378204 -0.0223588 0.7690540 0.6376721
2216 -3576.8732910 -914.0867310 0 -0.0389213 -0.0223870 0.7909899 0.6101794
2222 -3665.8151855 -1072.0518799 0 -0.0401045 -0.0248929 0.8140590 0.5788608
2228 -3754.5825195 -1235.2506104 0 -0.0400328 -0.0233483 0.8349713 0.5483385
2234 -3793.2145996 -1403.8028564 0 -0.0511372 -0.0264302 0.8530924 0.5185747
2238 -3824.7954102 -1518.7210693 0 -0.0521036 -0.0254264 0.8657420 0.4971212
2241 -3901.2050781 -1610.8898926 0 -0.0404743 -0.0151010 0.8741486 0.4837334
2246 -3947.4497070 -1824.2738037 0 -0.0507120 0.0028495 0.8881803 0.4566793
2248 -3961.8583984 -1851.0324707 0 -0.0500610 0.0013332 0.8909023 0.4514258
2251 -4004.5776367 -1957.7352295 0 -0.0502608 0.0107038 0.8991515 0.4346100
2257 -4019.2131348 -2141.3991699 0 -0.0552411 0.0089428 0.9135420 0.4028765
2259 -4060.7143555 -2277.2744141 0 -0.0507570 0.0438191 0.9195803 0.3871379
2260 -4066.8908691 -2328.2744141 0 -0.0525534 0.0488544 0.9211127 0.3826261
2264 -4132.6508789 -2279.9396973 0 -0.0342823 0.0239212 0.9232675 0.3818765
2268 -4115.6074219 -2404.8349609 0 -0.0377858 0.0255402 0.9318149 0.3600569
2272 -4079.4179688 -2530.4990234 0 -0.0412717 0.0272063 0.9384067 0.3419785
2276 -4098.9882812 -2656.4987793 0 -0.0379943 0.0288976 0.9458050 0.3212076
2280 -4124.9750977 -2780.6018066 0 -0.0352448 0.0314143 0.9521556 0.3019448
2284 -4144.3486328 -2779.4445801 0 -0.0159110 -0.0088914 0.9599437 0.2795996
2288 -4157.5888672 -2914.6926270 0 -0.0142397 -0.0047589 0.9652181 0.2610148
2292 -4162.9179688 -3039.9111328 0 -0.0140802 -0.0044169 0.9701753 0.2419548
2300 -4109.4799805 -3385.0644531 0 -0.0141952 0.0078404 0.9773608 0.2109568
2304 -4118.6972656 -3483.6169434 0 -0.0083797 -0.0000493 0.9814830 0.1913658
2310 -4099.2182617 -3712.9108887 0 -0.0123300 -0.0272649 0.9881541 0.1505193
2311 -4095.6118164 -3732.3627930 0 -0.0120777 -0.0272631 0.9885675 0.1478010
2312 -4082.6049805 -3786.2602539 0 -0.0142976 -0.0258247 0.9889580 0.1452264
2320 -4114.9741211 -4061.2331543 0 -0.0101508 -0.0254101 0.9911198 0.1301264
2321 -4108.9692383 -4088.7817383 0 -0.0139224 -0.0238267 0.9912045 0.1294299
2325 -4068.0549316 -4203.5253906 0 -0.0212605 -0.0378500 0.9910562 0.1261864
2326 -4049.1125488 -4233.2045898 0 -0.0254478 -0.0430474 0.9906746 0.1267406
2327 -4058.1701660 -4258.2392578 0 -0.0229409 -0.0406666 0.9909183 0.1260982
2340 -4085.2500000 -4696.4780273 0 -0.0303711 -0.0546857 0.9939268 0.0905351
2343 -4068.7375488 -4801.9291992 0 -0.0318824 -0.0489835 0.9948424 0.0829026
2355 -3992.9013672 -5156.9589844 0 -0.0216480 -0.0537886 0.9972273 0.0466477
2362 -3953.0659180 -5386.1840820 0 -0.0220921 -0.0549817 0.9976978 0.0329869
2369 -3925.6599121 -5602.9291992 0 -0.0199241 -0.0580780 0.9977138 0.0282328
2375 -3907.4914551 -5815.3437500 0 -0.0219479 -0.0552822 0.9979752 0.0225311
2389 -3956.0092773 -6313.5976562 0 -0.0115470 -0.0528934 0.9982714 0.0228730
2394 -3969.4016113 -6479.2348633 0 -0.0120760 -0.0549428 0.9979579 0.0302580
2404 -4006.4719238 -6824.7138672 0 -0.0053490 -0.0498834 0.9979218 0.0404373
2414 -4036.0373535 -7188.8818359 0 -0.0148918 -0.0466684 0.9976416 0.0480790
2418 -4053.8032227 -7340.7954102 0 -0.0149671 -0.0467175 0.9975385 0.0501037
2422 -4071.0478516 -7481.8369141 0 -0.0161438 -0.0479162 0.9972373 0.0544158
2428 -4087.0405273 -7724.3149414 0 -0.0209905 -0.0423717 0.9973624 0.0550658
2430 -4092.8286133 -7795.7583008 0 -0.0195397 -0.0434176 0.9972574 0.0566638
2434 -4088.4382324 -7945.9843750 0 -0.0204060 -0.0401823 0.9975003 0.0544259
2442 -4090.9233398 -8219.4550781 0 -0.0136149 -0.0403482 0.9979686 0.0473862
2448 -4079.3093262 -8406.6826172 0 -0.0094987 -0.0408972 0.9982244 0.0422516
2454 -4024.2858887 -8592.7109375 0 -0.0287973 -0.0443612 0.9980117 0.0342851
2455 -4022.4450684 -8622.2480469 0 -0.0293950 -0.0430658 0.9981230 0.0321186
2465 -4034.9953613 -8978.8281250 0 -0.0362754 -0.0560891 0.9970814 0.0369695
2468 -4036.7126465 -9122.3789062 0 -0.0320030 -0.0461086 0.9977334 0.0371197
2469 -4046.6435547 -9157.1884766 0 -0.0300159 -0.0429758 0.9979771 0.0359695
2498 -4042.5791016 -10210.6171875 0 -0.0168604 -0.0452144 0.9985395 0.0242947
2501 -4029.9096680 -10317.7792969 0 -0.0214431 -0.0448014 0.9985530 0.0206116
2504 -4004.4367676 -10419.3154297 0 0.0419522 -0.0922585 0.9839407 -0.1469323
2508 -3950.1975098 -10540.6181641 0 0.0533305 -0.0902986 0.9805378 -0.1659750
2512 -3901.7719727 -10652.2402344 0 0.0199813 -0.0590877 0.9947521 -0.0811027
2516 -3877.1035156 -10726.1748047 0 0.0416540 -0.0695903 0.9918612 -0.0981504
2519 -3726.9790039 -10809.9736328 0 -0.0227193 -0.0448957 0.9973791 -0.0519916
2523 -3624.2495117 -10909.1318359 0 -0.0285516 -0.0411255 0.9961809 -0.0715341
2526 -3561.5935059 -10966.6640625 0 -0.0253876 -0.0403088 0.9949176 -0.0887116
2529 -3487.0402832 -11024.8417969 0 -0.0263208 -0.0391071 0.9931141 -0.1072485
2532 -3410.8889160 -11063.0273438 0 -0.0241869 -0.0455922 0.9908844 -0.1244367
2535 -3336.5732422 -11110.9267578 0 -0.0257880 -0.0451682 0.9886766 -0.1407602
2538 -3252.7209473 -11162.5166016 0 -0.0251043 -0.0471920 0.9860240 -0.1577957
2541 -3154.4599609 -11253.1777344 0 -0.0302611 -0.0395584 0.9822396 -0.1808998
2544 -3058.6975098 -11292.7187500 0 -0.0369538 -0.0389756 0.9790831 -0.1962440
2547 -2969.1923828 -11346.7851562 0 -0.0366908 -0.0381667 0.9751140 -0.2152900
2551 -2849.2561035 -11395.9208984 0 -0.0341779 -0.0360671 0.9700502 -0.2377679
2554 -2766.5100098 -11460.7177734 0 -0.0256454 -0.0296293 0.9652661 -0.2583133
2557 -2685.5046387 -11464.9921875 0 -0.0264264 -0.0332706 0.9612204 -0.2724886
2560 -2600.2724609 -11482.4277344 0 -0.0245936 -0.0342754 0.9567854 -0.2877186
2563 -2530.0078125 -11527.0595703 0 -0.0212033 -0.0318990 0.9516801 -0.3046930
2566 -2401.6564941 -11548.9306641 0 -0.0292391 -0.0318620 0.9451222 -0.3238423
2569 -2308.1450195 -11587.1406250 0 -0.0288107 -0.0271741 0.9392617 -0.3409092
2572 -2217.7836914 -11591.6923828 0 -0.0259667 -0.0286071 0.9331126 -0.3575027
2575 -2127.6411133 -11598.5097656 0 -0.0266438 -0.0301701 0.9273047 -0.3721370
2578 -2034.6842041 -11585.0654297 0 -0.0251260 -0.0339716 0.9205006 -0.3884497
2581 -1957.8835449 -11590.5380859 0 -0.0235847 -0.0332155 0.9140950 -0.4034487
2584 -1840.8546143 -11570.0585938 0 -0.0279582 -0.0369351 0.9033570 -0.4263804
2587 -1742.9053955 -11568.6406250 0 -0.0306814 -0.0330023 0.8948241 -0.4441388
2590 -1636.4562988 -11560.6230469 0 -0.0294481 -0.0289418 0.8842878 -0.4651131
2593 -1554.2960205 -11551.5888672 0 -0.0263390 -0.0323036 0.8734957 -0.4850443
2596 -1454.4002686 -11517.9033203 0 -0.0276909 -0.0267709 0.8662467 -0.4981297
2599 -1369.2355957 -11516.0517578 0 0.0234010 0.0239452 -0.8566110 0.5148754
2602 -1297.7917480 -11487.8281250 0 0.0141015 0.0275332 -0.8459569 0.5323533
2605 -1204.3244629 -11451.8339844 0 0.0174035 0.0247307 -0.8366127 0.5469596
2608 -1098.6573486 -11402.1630859 0 0.0206124 0.0256233 -0.8258980 0.5628598
2612 -981.9664307 -11357.7431641 0 0.0191796 0.0258434 -0.8116648 0.5832362
2616 -843.7772217 -11317.8994141 0 0.0253207 0.0268527 -0.8011914 0.5972688
2620 -720.2393799 -11308.7021484 0 0.0238687 0.0241929 -0.7895930 0.6126890
2624 -587.9389648 -11274.5771484 0 0.0247849 0.0190829 -0.7800829 0.6248937
2627 -490.0717468 -11248.8945312 0 0.0289263 0.0255261 -0.7760771 0.6294569
2634 -352.3197021 -11173.9404297 0 0.0094493 0.0188479 -0.7439838 0.6678649
2637 -295.7193909 -11086.5429688 0 0.0093692 0.0152002 -0.7286949 0.6846057
2640 -235.1091919 -10992.1298828 0 0.0086604 0.0165276 -0.7111962 0.7027459
2641 -223.0765991 -10977.1992188 0 0.0083555 0.0161349 -0.7072592 0.7067208
2643 -192.3295441 -10927.9179688 0 0.0074994 0.0156289 -0.6955404 0.7182779
2644 -148.2332916 -10876.2998047 0 0.0135490 0.0146828 -0.6898762 0.7236516
2645 -143.1094513 -10873.0820312 0 0.0084526 0.0138475 -0.6857451 0.7276610
2646 -122.1381378 -10840.7324219 0 0.0069450 0.0147606 -0.6792705 0.7337067
2647 -104.9863663 -10820.8339844 0 0.0084120 0.0143415 -0.6756988 0.7369903
2651 -11.5886173 -10706.8867188 0 0.0119820 0.0100284 -0.6553127 0.7551961
2652 12.9669867 -10674.1005859 0 0.0113136 0.0097210 -0.6490685 0.7605837
2655 56.4583435 -10595.5693359 0 0.0119603 0.0103895 -0.6352785 0.7721207
2660 148.1626434 -10437.2050781 0 0.0146296 0.0108892 -0.6071370 0.7943879
2661 162.2409058 -10421.6630859 0 0.0143414 0.0101518 -0.6034028 0.7972430
2665 229.6239624 -10302.5253906 0 0.0154625 0.0089208 -0.5815024 0.8133488
2667 257.7284851 -10234.3603516 0 0.0173403 0.0087240 -0.5699260 0.8214667
2677 387.2092896 -9880.1240234 0 0.0274620 0.0080989 -0.5117608 0.8586507
2678 397.4254761 -9844.0849609 0 0.0257419 0.0069017 -0.5035759 0.8635398
2681 419.7472534 -9760.2314453 0 0.0255408 0.0056143 -0.4886747 0.8720741
2694 439.4757996 -9343.7099609 0 0.0061511 0.0052031 -0.4033126 0.9150268
2698 406.1266785 -9224.4121094 0 -0.0073342 0.0117002 -0.3766014 0.9262725
2700 420.2523193 -9169.7167969 0 -0.0078460 0.0084715 -0.3632910 0.9316041
2711 355.2131348 -8780.6552734 0 -0.0048334 0.0066969 -0.2928594 0.9561198
2716 354.3343201 -8619.9941406 0 -0.0035035 -0.0019845 -0.2563457 0.9665768
2717 336.0715332 -8597.1259766 0 -0.0038227 0.0017243 -0.2528034 0.9675086
2726 217.5429840 -8335.3935547 0 -0.0135256 0.0098760 -0.1919464 0.9812625
2727 217.2994537 -8309.1230469 0 -0.0128021 0.0070497 -0.1883116 0.9820006
2729 207.2050934 -8266.7275391 0 -0.0143632 0.0020378 -0.1753058 0.9844071
2737 114.3148804 -8044.5273438 0 -0.0177791 -0.0004212 -0.1268649 0.9917606
2740 72.6135025 -7952.8012695 0 -0.0187546 -0.0016596 -0.1104962 0.9936982
2742 28.0571060 -7876.2026367 0 -0.0148393 0.0018348 -0.1008356 0.9947907
2744 -0.0142959 -7828.4033203 0 -0.0169835 -0.0012656 -0.0902730 0.9957714
2755 -95.9954147 -7476.6679688 0 -0.0113035 -0.0069845 -0.0507940 0.9986207
2757 -88.9666443 -7414.9531250 0 -0.0136638 -0.0062160 -0.0490876 0.9986817
2759 -83.8843307 -7351.3920898 0 -0.0160114 -0.0054680 -0.0483141 0.9986889
2778 -60.1255226 -6667.0283203 0 -0.0104563 -0.0086797 -0.0405856 0.9990836
2786 -66.9821854 -6396.0185547 0 -0.0129600 -0.0042148 -0.0380341 0.9991835
2792 -67.3168335 -6195.9809570 0 -0.0163226 -0.0045970 -0.0380106 0.9991335
2798 -58.7861862 -5972.5722656 0 -0.0117826 -0.0015001 -0.0415025 0.9990678
2807 -24.1545525 -5645.2998047 0 -0.0069271 -0.0004497 -0.0461929 0.9989084
2815 -1.5615726 -5367.3627930 0 -0.0077219 -0.0019924 -0.0492700 0.9987537
2820 10.4974804 -5189.2553711 0 -0.0076546 0.0001442 -0.0497377 0.9987330
2824 23.0918274 -5057.3916016 0 -0.0104488 -0.0006532 -0.0492958 0.9987293
2830 27.4034977 -4840.9697266 0 -0.0101442 0.0008548 -0.0477864 0.9988057
2833 28.4774036 -4740.7905273 0 -0.0095074 0.0008550 -0.0470508 0.9988469
2836 28.8207703 -4631.8627930 0 -0.0102564 0.0026297 -0.0448098 0.9989394
2839 23.9952850 -4530.8027344 0 -0.0092901 0.0018500 -0.0428101 0.9990383
2842 19.6037025 -4425.1240234 0 -0.0117790 0.0017413 -0.0405164 0.9991079
2848 18.2964897 -4218.8305664 0 -0.0108065 0.0013536 -0.0356316 0.9993057
2854 10.4135742 -4014.6396484 0 -0.0116859 0.0010097 -0.0331633 0.9993811
2858 8.6683121 -3873.2797852 0 -0.0110470 0.0001719 -0.0307655 0.9994656
2868 14.6245718 -3522.3129883 0 -0.0119341 -0.0007271 -0.0292251 0.9995013
2873 29.3814621 -3343.7067871 0 -0.0105302 0.0012021 -0.0320156 0.9994312
2879 44.6196899 -3133.7663574 0 -0.0103074 0.0003109 -0.0348269 0.9993402
2887 63.9967117 -2853.3894043 0 -0.0116852 -0.0002071 -0.0379189 0.9992124
2896 83.8446198 -2536.6594238 0 -0.0103410 0.0001820 -0.0407923 0.9991141
2906 107.7980194 -2188.8950195 0 -0.0107076 0.0004213 -0.0416854 0.9990733
2912 126.4323196 -1972.0983887 0 -0.0112854 0.0005269 -0.0439913 0.9989680
2920 144.6092377 -1684.4819336 0 -0.0106324 0.0010300 -0.0446721 0.9989446
2928 164.6181183 -1392.3156738 0 -0.0105467 0.0016629 -0.0460757 0.9988809
2936 185.8123322 -1095.5434570 0 -0.0099047 0.0012197 -0.0484245 0.9987770
2945 209.0937958 -766.8432617 0 -0.0097165 0.0028538 -0.0493122 0.9987321
2953 200.9844971 -481.0774841 0 -0.0098517 0.0022236 -0.0449117 0.9989399
2961 169.3863678 -201.5355377 0 -0.0106038 0.0013950 -0.0319672 0.9994317
2969 126.5156250 75.7279587 0 -0.0104287 0.0014836 -0.0181663 0.9997795
2976 106.0190582 288.7486877 0 -0.0114216 0.0011081 -0.0128833 0.9998512
3032 97.7096634 380.0120239 0 -0.0103763 0.0010179 -0.0103088 0.9998925
